3.294	140	8.000E-02	4.000E-03
3.794	140	7.900E-02	4.000E-03
4.094	140	8.000E-02	4.000E-03
4.495	140	8.800E-02	4.000E-03
4.695	140	9.200E-02	5.000E-03
4.720	140	9.600E-02	5.000E-03
4.770	140	1.020E-01	5.000E-03
4.775	140	1.020E-01	5.000E-03
4.779	140	1.000E-01	5.000E-03
4.783	140	1.030E-01	5.000E-03
4.787	140	1.060E-01	5.000E-03
4.791	140	1.110E-01	5.000E-03
4.795	140	1.140E-01	6.000E-03
4.799	140	1.270E-01	6.000E-03
4.803	140	1.460E-01	7.000E-03
4.807	140	2.040E-01	1.000E-02
4.811	140	2.440E-01	1.200E-02
4.815	140	2.200E-01	1.100E-02
4.819	140	1.690E-01	8.000E-03
4.821	140	1.440E-01	7.000E-03
4.823	140	1.370E-01	7.000E-03
4.895	140	1.000E-01	5.000E-03
5.095	140	1.170E-01	6.000E-03
5.103	140	1.150E-01	6.000E-03
5.195	140	1.230E-01	6.000E-03
5.199	140	1.250E-01	6.000E-03
5.203	140	1.270E-01	6.000E-03
5.220	140	1.320E-01	6.000E-03
5.270	140	1.340E-01	7.000E-03
5.295	140	1.320E-01	7.000E-03
5.345	140	1.210E-01	6.000E-03
5.370	140	8.900E-02	4.000E-03
5.385	140	7.400E-02	4.000E-03
5.388	140	7.400E-02	4.000E-03
5.395	140	6.800E-02	3.000E-03
5.420	140	6.800E-02	3.000E-03
5.445	140	7.200E-02	4.000E-03
5.495	140	8.500E-02	4.000E-03
5.590	140	1.070E-01	5.000E-03
5.695	140	1.180E-01	6.000E-03
5.795	140	1.240E-01	6.000E-03
5.825	140	1.290E-01	6.000E-03
5.955	140	1.470E-01	7.000E-03
6.045	140	1.520E-01	7.000E-03
6.095	140	1.570E-01	8.000E-03
6.145	140	1.580E-01	8.000E-03
2.693	150	7.800E-02	4.000E-03
2.701	150	7.700E-02	4.000E-03
3.294	150	7.100E-02	4.000E-03
3.303	150	7.400E-02	4.000E-03
3.794	150	7.000E-02	4.000E-03
4.094	150	7.500E-02	4.000E-03
4.112	150	7.800E-02	5.000E-03
4.122	150	7.700E-02	4.000E-03
4.132	150	7.500E-02	4.000E-03
4.495	150	8.900E-02	5.000E-03
4.695	150	9.300E-02	5.000E-03
4.720	150	9.000E-02	5.000E-03
4.745	150	1.000E-01	6.000E-03
4.770	150	1.110E-01	6.000E-03
4.775	150	1.100E-01	6.000E-03
4.779	150	1.210E-01	7.000E-03
4.783	150	1.200E-01	7.000E-03
4.787	150	1.240E-01	7.000E-03
4.791	150	1.300E-01	7.000E-03
4.795	150	1.460E-01	8.000E-03
4.797	150	1.600E-01	9.000E-03
4.799	150	1.770E-01	1.000E-02
4.803	150	2.070E-01	1.200E-02
4.805	150	2.840E-01	1.600E-02
4.807	150	3.020E-01	1.700E-02
4.811	150	3.230E-01	1.800E-02
4.813	150	3.240E-01	1.900E-02
4.815	150	2.830E-01	1.600E-02
4.819	150	1.790E-01	1.000E-02
4.821	150	1.520E-01	9.000E-03
4.823	150	1.350E-01	8.000E-03
4.845	150	9.300E-02	5.000E-03
4.895	150	9.300E-02	5.000E-03
5.095	150	1.130E-01	7.000E-03
5.103	150	1.160E-01	7.000E-03
5.195	150	1.370E-01	8.000E-03
5.199	150	1.260E-01	7.000E-03
5.203	150	1.290E-01	7.000E-03
5.220	150	1.280E-01	7.000E-03
5.245	150	1.330E-01	8.000E-03
5.270	150	1.410E-01	8.000E-03
5.295	150	1.480E-01	9.000E-03
5.320	150	1.380E-01	8.000E-03
5.345	150	1.220E-01	7.000E-03
5.370	150	8.700E-02	5.000E-03
5.385	150	7.100E-02	4.000E-03
5.388	150	6.600E-02	4.000E-03
5.395	150	7.000E-02	4.000E-03
5.420	150	6.300E-02	4.000E-03
5.445	150	6.700E-02	4.000E-03
5.495	150	8.200E-02	5.000E-03
5.590	150	1.140E-01	7.000E-03
5.695	150	1.220E-01	7.000E-03
5.795	150	1.260E-01	7.000E-03
5.825	150	1.250E-01	7.000E-03
5.855	150	1.350E-01	8.000E-03
5.895	150	1.280E-01	7.000E-03
5.910	150	1.440E-01	8.000E-03
5.925	150	1.600E-01	9.000E-03
5.955	150	1.680E-01	9.000E-03
5.995	150	1.640E-01	1.000E-02
6.045	150	1.720E-01	1.000E-02
6.095	150	1.690E-01	1.000E-02
6.145	150	1.650E-01	9.000E-03
6.195	150	1.690E-01	1.000E-02
6.275	150	1.650E-01	1.000E-02
6.345	150	1.620E-01	1.000E-02
6.395	150	1.600E-01	1.000E-02
6.495	150	1.450E-01	8.000E-03
6.695	150	1.230E-01	8.000E-03
6.995	150	7.900E-02	5.000E-03
2.693	160	7.300E-02	4.000E-03
3.294	160	6.600E-02	3.000E-03
3.794	160	6.900E-02	4.000E-03
4.094	160	7.500E-02	4.000E-03
4.495	160	8.100E-02	4.000E-03
4.695	160	9.300E-02	5.000E-03
4.720	160	9.700E-02	5.000E-03
4.745	160	9.800E-02	5.000E-03
4.770	160	1.140E-01	6.000E-03
4.775	160	1.130E-01	6.000E-03
4.779	160	1.190E-01	6.000E-03
4.783	160	1.280E-01	7.000E-03
4.787	160	1.390E-01	7.000E-03
4.791	160	1.460E-01	7.000E-03
4.795	160	1.630E-01	8.000E-03
4.797	160	2.090E-01	1.100E-02
4.799	160	1.920E-01	1.000E-02
4.803	160	2.420E-01	1.200E-02
4.805	160	3.650E-01	1.800E-02
4.807	160	3.730E-01	1.900E-02
4.811	160	3.860E-01	2.000E-02
4.815	160	3.150E-01	1.600E-02
4.819	160	1.870E-01	1.000E-02
4.821	160	1.610E-01	8.000E-03
4.823	160	1.380E-01	7.000E-03
4.845	160	8.400E-02	4.000E-03
4.895	160	9.000E-02	5.000E-03
5.103	160	1.210E-01	6.000E-03
5.195	160	1.270E-01	7.000E-03
5.203	160	1.320E-01	7.000E-03
5.220	160	1.320E-01	7.000E-03
5.245	160	1.400E-01	7.000E-03
5.270	160	1.430E-01	7.000E-03
5.295	160	1.500E-01	8.000E-03
5.320	160	1.460E-01	8.000E-03
5.345	160	1.300E-01	7.000E-03
5.370	160	8.800E-02	5.000E-03
5.385	160	7.300E-02	4.000E-03
5.388	160	7.000E-02	4.000E-03
5.395	160	6.300E-02	3.000E-03
5.420	160	5.900E-02	3.000E-03
5.445	160	6.300E-02	3.000E-03
5.495	160	7.900E-02	4.000E-03
5.695	160	1.190E-01	6.000E-03
5.795	160	1.280E-01	7.000E-03
5.825	160	1.310E-01	7.000E-03
5.855	160	1.290E-01	7.000E-03
5.895	160	1.300E-01	7.000E-03
5.910	160	1.500E-01	8.000E-03
5.925	160	1.550E-01	8.000E-03
5.955	160	1.770E-01	9.000E-03
5.995	160	1.670E-01	9.000E-03
6.045	160	1.830E-01	9.000E-03
6.095	160	1.770E-01	9.000E-03
6.145	160	1.920E-01	1.000E-02
6.275	160	1.690E-01	9.000E-03
2.693	170	6.400E-02	4.000E-03
2.701	170	6.600E-02	3.000E-03
3.294	170	6.600E-02	4.000E-03
3.303	170	6.200E-02	3.000E-03
3.794	170	6.200E-02	3.000E-03
4.094	170	6.800E-02	4.000E-03
4.112	170	6.900E-02	4.000E-03
4.122	170	7.000E-02	4.000E-03
4.132	170	6.700E-02	4.000E-03
4.495	170	7.700E-02	4.000E-03
4.695	170	8.700E-02	5.000E-03
4.720	170	9.200E-02	5.000E-03
4.745	170	1.010E-01	6.000E-03
4.770	170	1.090E-01	6.000E-03
4.775	170	1.230E-01	7.000E-03
4.779	170	1.230E-01	7.000E-03
4.783	170	1.260E-01	7.000E-03
4.787	170	1.440E-01	8.000E-03
4.791	170	1.500E-01	8.000E-03
4.795	170	1.800E-01	1.000E-02
4.797	170	2.190E-01	1.200E-02
4.799	170	1.990E-01	1.100E-02
4.803	170	2.730E-01	1.500E-02
4.805	170	3.870E-01	2.200E-02
4.807	170	4.030E-01	2.200E-02
4.811	170	4.460E-01	2.500E-02
4.813	170	4.110E-01	2.300E-02
4.815	170	3.420E-01	1.900E-02
4.819	170	2.050E-01	1.100E-02
4.821	170	1.510E-01	8.000E-03
4.823	170	1.350E-01	8.000E-03
4.845	170	6.600E-02	4.000E-03
4.895	170	8.100E-02	5.000E-03
5.095	170	1.090E-01	6.000E-03
5.103	170	1.110E-01	6.000E-03
5.195	170	1.250E-01	7.000E-03
5.199	170	1.250E-01	7.000E-03
5.203	170	1.260E-01	7.000E-03
5.220	170	1.200E-01	7.000E-03
5.245	170	1.260E-01	7.000E-03
5.270	170	1.380E-01	8.000E-03
5.295	170	1.480E-01	8.000E-03
5.320	170	1.480E-01	8.000E-03
5.345	170	1.240E-01	7.000E-03
5.370	170	8.600E-02	5.000E-03
5.385	170	6.400E-02	4.000E-03
5.388	170	6.500E-02	4.000E-03
5.395	170	6.100E-02	3.000E-03
5.420	170	5.300E-02	3.000E-03
5.445	170	5.500E-02	3.000E-03
5.495	170	7.500E-02	4.000E-03
5.590	170	1.010E-01	6.000E-03
5.695	170	1.080E-01	6.000E-03
5.795	170	1.230E-01	7.000E-03
5.825	170	1.180E-01	7.000E-03
5.855	170	1.220E-01	7.000E-03
5.895	170	1.180E-01	7.000E-03
5.910	170	1.390E-01	8.000E-03
5.925	170	1.560E-01	9.000E-03
5.955	170	1.660E-01	9.000E-03
5.995	170	1.660E-01	1.000E-02
6.045	170	1.700E-01	9.000E-03
6.095	170	1.630E-01	9.000E-03
6.145	170	1.790E-01	1.000E-02
6.195	170	1.640E-01	9.000E-03
6.275	170	1.690E-01	1.000E-02
6.345	170	1.670E-01	1.000E-02
6.395	170	1.690E-01	1.000E-02
6.495	170	1.660E-01	9.000E-03
6.695	170	1.400E-01	8.000E-03
6.995	170	1.030E-01	6.000E-03

