0.622	101.7	5.49E-01	2.7E-02
0.657	101.7	5.06E-01	2.5E-02
0.685	101.7	4.74E-01	2.4E-02
0.715	101.7	4.32E-01	2.2E-02
0.746	101.7	4.06E-01	2.0E-02
0.778	101.7	3.90E-01	1.9E-02
0.805	101.7	3.71E-01	1.9E-02
0.850	101.7	3.44E-01	1.7E-02
0.864	101.7	3.28E-01	1.6E-02
0.893	101.7	3.24E-01	1.6E-02
0.922	101.7	3.09E-01	1.5E-02
0.952	101.7	2.93E-01	1.5E-02
0.967	101.7	2.88E-01	1.4E-02
1.014	101.7	2.71E-01	1.4E-02
1.068	101.7	2.58E-01	1.3E-02
1.117	101.7	2.46E-01	1.2E-02
1.171	101.7	2.26E-01	1.1E-02
1.218	101.7	2.18E-01	1.1E-02
1.267	101.7	2.10E-01	1.0E-02
1.321	101.7	1.92E-01	9.6E-03
1.370	101.7	1.89E-01	9.4E-03
1.426	101.7	1.82E-01	9.1E-03
1.470	101.7	1.72E-01	8.6E-03
1.494	101.7	1.69E-01	8.4E-03
1.519	101.7	1.60E-01	8.0E-03
1.543	101.7	1.55E-01	7.8E-03
1.560	101.7	1.51E-01	7.6E-03
1.589	101.7	1.44E-01	7.2E-03
1.618	101.7	1.36E-01	6.8E-03
1.634	101.7	1.28E-01	6.4E-03
1.648	101.7	1.19E-01	6.0E-03
1.661	101.7	1.12E-01	5.6E-03
1.671	101.7	1.01E-01	5.1E-03
1.683	101.7	9.05E-02	4.5E-03
1.697	101.7	7.03E-02	3.5E-03
1.697	101.7	5.68E-02	2.8E-03
1.705	101.7	4.43E-02	2.2E-03
1.713	101.7	3.85E-02	1.9E-03
1.722	101.7	4.81E-02	2.4E-03
1.732	101.7	6.74E-02	3.4E-03
1.735	101.7	8.57E-02	4.3E-03
1.739	101.7	1.08E-01	5.4E-03
1.740	101.7	1.30E-01	6.5E-03
1.742	101.7	1.56E-01	7.8E-03
1.747	101.7	1.74E-01	8.7E-03
1.751	101.7	1.94E-01	9.7E-03
1.754	101.7	2.14E-01	1.1E-02
1.760	101.7	2.30E-01	1.2E-02
1.771	101.7	2.47E-01	1.2E-02
1.779	101.7	2.51E-01	1.3E-02
1.787	101.7	2.42E-01	1.2E-02
1.797	101.7	2.33E-01	1.2E-02
1.804	101.7	2.23E-01	1.1E-02
1.814	101.7	2.13E-01	1.1E-02
1.826	101.7	2.07E-01	1.0E-02
1.844	101.7	1.96E-01	9.8E-03
1.867	101.7	1.94E-01	9.7E-03
1.883	101.7	1.86E-01	9.3E-03
1.900	101.7	1.81E-01	9.1E-03
1.914	101.7	1.75E-01	8.8E-03
1.929	101.7	1.70E-01	8.5E-03
1.949	101.7	1.69E-01	8.4E-03
1.970	101.7	1.62E-01	8.1E-03
1.995	101.7	1.64E-01	8.2E-03
2.013	101.7	1.61E-01	8.0E-03
2.034	101.7	1.53E-01	7.7E-03
2.059	101.7	1.52E-01	7.6E-03
2.092	101.7	1.50E-01	7.5E-03
2.119	101.7	1.45E-01	7.3E-03
2.149	101.7	1.43E-01	7.1E-03
2.183	101.7	1.48E-01	7.4E-03
2.213	101.7	1.40E-01	7.0E-03
2.240	101.7	1.35E-01	6.7E-03
2.269	101.7	1.31E-01	6.5E-03
2.302	101.7	1.26E-01	6.3E-03
2.325	101.7	1.28E-01	6.4E-03
2.358	101.7	1.29E-01	6.5E-03
2.391	101.7	1.28E-01	6.4E-03
2.418	101.7	1.30E-01	6.5E-03
2.447	101.7	1.25E-01	6.3E-03
2.476	101.7	1.18E-01	5.9E-03
2.511	101.7	1.18E-01	5.9E-03
2.532	101.7	1.12E-01	5.6E-03
2.562	101.7	1.08E-01	5.4E-03
2.594	101.7	1.09E-01	5.4E-03
2.625	101.7	1.08E-01	5.4E-03
2.651	101.7	1.08E-01	5.4E-03
2.681	101.7	1.10E-01	5.5E-03
2.711	101.7	1.05E-01	5.2E-03
2.740	101.7	1.10E-01	5.5E-03
2.773	101.7	1.06E-01	5.3E-03
2.804	101.7	1.03E-01	5.2E-03
2.831	101.7	1.03E-01	5.2E-03
2.864	101.7	9.82E-02	4.9E-03
2.891	101.7	1.01E-01	5.1E-03
2.916	101.7	9.92E-02	5.0E-03
2.947	101.7	9.82E-02	4.9E-03
2.978	101.7	1.00E-01	5.0E-03
3.007	101.7	9.34E-02	4.7E-03
3.036	101.7	1.01E-01	5.1E-03
3.065	101.7	9.63E-02	4.8E-03
3.094	101.7	9.44E-02	4.7E-03
3.119	101.7	9.34E-02	4.7E-03
3.152	101.7	9.73E-02	4.9E-03
3.185	101.7	9.44E-02	4.7E-03
3.214	101.7	9.15E-02	4.6E-03
3.253	101.7	8.76E-02	4.4E-03
3.288	101.7	8.47E-02	4.2E-03
3.321	101.7	8.76E-02	4.4E-03
3.355	101.7	8.96E-02	4.5E-03
3.385	101.7	8.28E-02	4.1E-03
3.414	101.7	7.99E-02	4.0E-03
3.447	101.7	8.57E-02	4.3E-03
3.476	101.7	8.28E-02	4.1E-03
3.509	101.7	8.09E-02	4.0E-03
3.549	101.7	8.18E-02	4.1E-03
3.592	101.7	8.28E-02	4.1E-03
3.625	101.7	8.09E-02	4.0E-03
3.660	101.7	7.61E-02	3.8E-03
3.704	101.7	7.70E-02	3.9E-03
3.743	101.7	7.41E-02	3.7E-03
3.787	101.7	7.41E-02	3.7E-03
3.830	101.7	7.70E-02	3.9E-03
3.857	101.7	7.61E-02	3.8E-03
3.888	101.7	7.22E-02	3.6E-03
3.913	101.7	7.13E-02	3.6E-03
3.942	101.7	7.13E-02	3.6E-03
3.975	101.7	7.41E-02	3.7E-03
4.004	101.7	7.41E-02	3.7E-03
4.027	101.7	7.51E-02	3.8E-03
4.060	101.7	7.32E-02	3.7E-03
4.091	101.7	7.22E-02	3.6E-03
4.122	101.7	7.03E-02	3.5E-03
4.151	101.7	7.13E-02	3.6E-03
4.182	101.7	6.64E-02	3.3E-03
4.211	101.7	7.03E-02	3.5E-03
4.240	101.7	6.93E-02	3.5E-03
4.268	101.7	6.74E-02	3.4E-03
4.297	101.7	7.03E-02	3.5E-03
4.324	101.7	7.03E-02	3.5E-03
4.353	101.7	7.41E-02	3.7E-03
0.629	123.8	4.02E-01	2.0E-02
0.655	123.8	3.58E-01	1.8E-02
0.688	123.8	3.55E-01	1.8E-02
0.718	123.8	3.21E-01	1.6E-02
0.749	123.8	2.98E-01	1.5E-02
0.776	123.8	2.92E-01	1.5E-02
0.806	123.8	2.67E-01	1.3E-02
0.837	123.8	2.61E-01	1.3E-02
0.864	123.8	2.53E-01	1.3E-02
0.927	123.8	2.38E-01	1.2E-02
0.960	123.8	2.28E-01	1.1E-02
0.987	123.8	2.18E-01	1.1E-02
1.014	123.8	2.05E-01	1.0E-02
1.065	123.8	2.00E-01	1.0E-02
1.119	123.8	1.94E-01	9.7E-03
1.173	123.8	1.83E-01	9.2E-03
1.222	123.8	1.73E-01	8.7E-03
1.278	123.8	1.76E-01	8.8E-03
1.323	123.8	1.71E-01	8.6E-03
1.373	123.8	1.67E-01	8.3E-03
1.427	123.8	1.60E-01	8.0E-03
1.478	123.8	1.56E-01	7.8E-03
1.513	123.8	1.50E-01	7.5E-03
1.538	123.8	1.47E-01	7.3E-03
1.563	123.8	1.41E-01	7.1E-03
1.586	123.8	1.40E-01	7.0E-03
1.602	123.8	1.35E-01	6.8E-03
1.616	123.8	1.29E-01	6.4E-03
1.627	123.8	1.21E-01	6.1E-03
1.639	123.8	1.11E-01	5.6E-03
1.651	123.8	9.97E-02	5.0E-03
1.657	123.8	8.70E-02	4.4E-03
1.665	123.8	7.52E-02	3.8E-03
1.671	123.8	5.62E-02	2.8E-03
1.677	123.8	3.53E-02	1.8E-03
1.682	123.8	2.18E-02	1.1E-03
1.691	123.8	9.06E-03	4.5E-04
1.699	123.8	1.81E-02	9.1E-04
1.705	123.8	3.44E-02	1.7E-03
1.712	123.8	5.71E-02	2.9E-03
1.713	123.8	7.98E-02	4.0E-03
1.715	123.8	1.08E-01	5.4E-03
1.720	123.8	1.34E-01	6.7E-03
1.724	123.8	1.57E-01	7.8E-03
1.729	123.8	1.79E-01	9.0E-03
1.732	123.8	2.09E-01	1.0E-02
1.739	123.8	2.34E-01	1.2E-02
1.753	123.8	2.53E-01	1.3E-02
1.757	123.8	2.37E-01	1.2E-02
1.765	123.8	2.24E-01	1.1E-02
1.769	123.8	2.11E-01	1.1E-02
1.777	123.8	1.94E-01	9.7E-03
1.783	123.8	1.80E-01	9.0E-03
1.793	123.8	1.71E-01	8.6E-03
1.801	123.8	1.61E-01	8.1E-03
1.815	123.8	1.48E-01	7.4E-03
1.826	123.8	1.40E-01	7.0E-03
1.846	123.8	1.34E-01	6.7E-03
1.867	123.8	1.32E-01	6.6E-03
1.892	123.8	1.30E-01	6.5E-03
1.900	123.8	1.35E-01	6.8E-03
1.914	123.8	1.28E-01	6.4E-03
1.937	123.8	1.29E-01	6.4E-03
1.958	123.8	1.25E-01	6.3E-03
1.982	123.8	1.22E-01	6.1E-03
2.005	123.8	1.21E-01	6.0E-03
2.042	123.8	1.23E-01	6.2E-03
2.071	123.8	1.20E-01	6.0E-03
2.102	123.8	1.17E-01	5.8E-03
2.123	123.8	1.18E-01	5.9E-03
2.140	123.8	1.12E-01	5.6E-03
2.160	123.8	1.20E-01	6.0E-03
2.187	123.8	1.02E-01	5.1E-03
2.239	123.8	1.12E-01	5.6E-03
2.276	123.8	1.10E-01	5.5E-03
2.309	123.8	1.15E-01	5.8E-03
2.334	123.8	1.05E-01	5.3E-03
2.371	123.8	1.11E-01	5.5E-03
2.396	123.8	1.02E-01	5.1E-03
2.425	123.8	1.08E-01	5.4E-03
2.462	123.8	1.07E-01	5.3E-03
2.479	123.8	9.88E-02	4.9E-03
2.520	123.8	1.08E-01	5.4E-03
2.537	123.8	1.03E-01	5.2E-03
2.564	123.8	1.02E-01	5.1E-03
2.599	123.8	1.02E-01	5.1E-03
2.630	123.8	1.01E-01	5.0E-03
2.657	123.8	9.61E-02	4.8E-03
2.688	123.8	9.88E-02	4.9E-03
2.717	123.8	9.70E-02	4.8E-03
2.748	123.8	9.61E-02	4.8E-03
2.776	123.8	9.61E-02	4.8E-03
2.805	123.8	9.15E-02	4.6E-03
2.832	123.8	8.97E-02	4.5E-03
2.861	123.8	9.06E-02	4.5E-03
2.892	123.8	9.43E-02	4.7E-03
2.923	123.8	9.52E-02	4.8E-03
2.952	123.8	9.24E-02	4.6E-03
2.983	123.8	9.06E-02	4.5E-03
3.010	123.8	8.97E-02	4.5E-03
3.035	123.8	8.79E-02	4.4E-03
3.066	123.8	8.52E-02	4.3E-03
3.093	123.8	8.70E-02	4.4E-03
3.126	123.8	8.79E-02	4.4E-03
3.157	123.8	8.79E-02	4.4E-03
3.188	123.8	8.52E-02	4.3E-03
3.215	123.8	8.61E-02	4.3E-03
3.230	123.8	8.43E-02	4.2E-03
3.267	123.8	8.52E-02	4.3E-03
3.296	123.8	8.52E-02	4.3E-03
3.331	123.8	8.25E-02	4.1E-03
3.360	123.8	8.61E-02	4.3E-03
3.391	123.8	8.16E-02	4.1E-03
3.418	123.8	8.52E-02	4.3E-03
3.447	123.8	8.07E-02	4.0E-03
3.472	123.8	8.07E-02	4.0E-03
3.496	123.8	7.98E-02	4.0E-03
3.529	123.8	7.89E-02	3.9E-03
3.567	123.8	8.25E-02	4.1E-03
3.596	123.8	7.98E-02	4.0E-03
3.621	123.8	8.34E-02	4.2E-03
3.654	123.8	8.43E-02	4.2E-03
3.680	123.8	8.25E-02	4.1E-03
3.741	123.8	8.34E-02	4.2E-03
3.769	123.8	8.25E-02	4.1E-03
3.796	123.8	8.07E-02	4.0E-03
3.826	123.8	8.70E-02	4.4E-03
3.861	123.8	8.52E-02	4.3E-03
3.890	123.8	8.07E-02	4.0E-03
3.920	123.8	7.79E-02	3.9E-03
3.945	123.8	7.79E-02	3.9E-03
3.977	123.8	8.34E-02	4.2E-03
4.004	123.8	8.61E-02	4.3E-03
4.030	123.8	8.61E-02	4.3E-03
4.064	123.8	8.52E-02	4.3E-03
4.094	123.8	8.25E-02	4.1E-03
4.121	123.8	8.25E-02	4.1E-03
4.150	123.8	8.34E-02	4.2E-03
4.181	123.8	7.98E-02	4.0E-03
4.212	123.8	8.25E-02	4.1E-03
4.243	123.8	8.43E-02	4.2E-03
4.272	123.8	7.79E-02	3.9E-03
4.293	123.8	8.52E-02	4.3E-03
4.330	123.8	8.79E-02	4.4E-03
4.359	123.8	8.79E-02	4.4E-03
4.376	123.8	7.79E-02	3.9E-03
0.376	146.2	3.23E-01	1.6E-02
0.390	146.2	2.75E-01	1.4E-02
0.407	146.2	2.26E-01	1.1E-02
0.417	146.2	1.83E-01	9.2E-03
0.425	146.2	1.58E-01	7.9E-03
0.426	146.2	1.18E-01	5.9E-03
0.430	146.2	8.30E-02	4.1E-03
0.436	146.2	7.26E-02	3.6E-03
0.447	146.2	1.06E-01	5.3E-03
0.461	146.2	2.32E-01	1.2E-02
0.467	146.2	5.08E-01	2.5E-02
0.473	146.2	7.17E-01	3.6E-02
0.483	146.2	7.82E-01	3.9E-02
0.494	146.2	7.31E-01	3.7E-02
0.511	146.2	5.69E-01	2.8E-02
0.528	146.2	4.70E-01	2.4E-02
0.550	146.2	4.14E-01	2.1E-02
0.574	146.2	3.71E-01	1.9E-02
0.600	146.2	3.38E-01	1.7E-02
0.616	146.2	3.21E-01	1.6E-02
0.634	146.2	3.00E-01	1.5E-02
0.653	146.2	2.80E-01	1.4E-02
0.683	146.2	2.67E-01	1.3E-02
0.706	146.2	2.56E-01	1.3E-02
0.729	146.2	2.47E-01	1.2E-02
0.757	146.2	2.39E-01	1.2E-02
0.774	146.2	2.33E-01	1.2E-02
0.799	146.2	2.26E-01	1.1E-02
0.819	146.2	2.17E-01	1.1E-02
0.834	146.2	2.13E-01	1.1E-02
0.866	146.2	2.06E-01	1.0E-02
0.887	146.2	2.03E-01	1.0E-02
0.928	146.2	1.99E-01	9.9E-03
0.953	146.2	1.87E-01	9.3E-03
0.970	146.2	1.88E-01	9.4E-03
0.992	146.2	1.86E-01	9.3E-03
1.025	146.2	1.78E-01	8.9E-03
1.071	146.2	1.79E-01	8.9E-03
1.120	146.2	1.73E-01	8.6E-03
1.170	146.2	1.63E-01	8.2E-03
1.224	146.2	1.59E-01	8.0E-03
1.273	146.2	1.62E-01	8.1E-03
1.315	146.2	1.54E-01	7.7E-03
1.346	146.2	1.56E-01	7.8E-03
1.364	146.2	1.56E-01	7.8E-03
1.377	146.2	1.56E-01	7.8E-03
1.399	146.2	1.53E-01	7.6E-03
1.428	146.2	1.56E-01	7.8E-03
1.443	146.2	1.54E-01	7.7E-03
1.466	146.2	1.54E-01	7.7E-03
1.482	146.2	1.54E-01	7.7E-03
1.513	146.2	1.58E-01	7.9E-03
1.523	146.2	1.53E-01	7.6E-03
1.536	146.2	1.56E-01	7.8E-03
1.561	146.2	1.52E-01	7.6E-03
1.594	146.2	1.54E-01	7.7E-03
1.619	146.2	1.53E-01	7.6E-03
1.629	146.2	1.44E-01	7.2E-03
1.641	146.2	1.28E-01	6.4E-03
1.653	146.2	1.18E-01	5.9E-03
1.663	146.2	9.33E-02	4.7E-03
1.665	146.2	6.48E-02	3.2E-03
1.669	146.2	5.10E-02	2.5E-03
1.672	146.2	3.63E-02	1.8E-03
1.682	146.2	1.64E-02	8.2E-04
1.699	146.2	2.68E-02	1.3E-03
1.700	146.2	6.83E-02	3.4E-03
1.701	146.2	5.01E-02	2.5E-03
1.706	146.2	7.86E-02	3.9E-03
1.713	146.2	2.01E-01	1.0E-02
1.714	146.2	1.45E-01	7.3E-03
1.716	146.2	2.47E-01	1.2E-02
1.721	146.2	2.98E-01	1.5E-02
1.724	146.2	3.45E-01	1.7E-02
1.729	146.2	3.88E-01	1.9E-02
1.731	146.2	4.88E-01	2.4E-02
1.734	146.2	4.38E-01	2.2E-02
1.734	146.2	5.24E-01	2.6E-02
1.738	146.2	5.47E-01	2.7E-02
1.740	146.2	5.60E-01	2.8E-02
1.747	146.2	5.72E-01	2.9E-02
1.755	146.2	5.41E-01	2.7E-02
1.756	146.2	5.07E-01	2.5E-02
1.759	146.2	4.57E-01	2.3E-02
1.763	146.2	5.63E-01	2.8E-02
1.763	146.2	4.14E-01	2.1E-02
1.768	146.2	3.62E-01	1.8E-02
1.769	146.2	3.21E-01	1.6E-02
1.771	146.2	2.40E-01	1.2E-02
1.772	146.2	2.85E-01	1.4E-02
1.773	146.2	2.12E-01	1.1E-02
1.778	146.2	1.62E-01	8.1E-03
1.784	146.2	1.45E-01	7.3E-03
1.786	146.2	1.33E-01	6.7E-03
1.788	146.2	1.18E-01	5.9E-03
1.793	146.2	9.85E-02	4.9E-03
1.804	146.2	7.95E-02	4.0E-03
1.814	146.2	7.17E-02	3.6E-03
1.836	146.2	6.57E-02	3.3E-03
1.859	146.2	6.22E-02	3.1E-03
1.880	146.2	6.57E-02	3.3E-03
1.898	146.2	6.91E-02	3.5E-03
1.913	146.2	7.00E-02	3.5E-03
1.930	146.2	7.69E-02	3.8E-03
1.944	146.2	7.69E-02	3.8E-03
1.955	146.2	7.69E-02	3.8E-03
1.969	146.2	7.17E-02	3.6E-03
2.002	146.2	7.95E-02	4.0E-03
2.033	146.2	7.78E-02	3.9E-03
2.062	146.2	8.04E-02	4.0E-03
2.095	146.2	8.04E-02	4.0E-03
2.125	146.2	8.56E-02	4.3E-03
2.153	146.2	7.95E-02	4.0E-03
2.186	146.2	8.21E-02	4.1E-03
2.218	146.2	8.04E-02	4.0E-03
2.247	146.2	8.47E-02	4.2E-03
2.273	146.2	7.78E-02	3.9E-03
2.302	146.2	8.04E-02	4.0E-03
2.327	146.2	7.69E-02	3.8E-03
2.369	146.2	8.12E-02	4.1E-03
2.391	146.2	7.78E-02	3.9E-03
2.424	146.2	8.04E-02	4.0E-03
2.457	146.2	8.04E-02	4.0E-03
2.484	146.2	8.12E-02	4.1E-03
2.507	146.2	7.95E-02	4.0E-03
2.542	146.2	8.12E-02	4.1E-03
2.567	146.2	8.04E-02	4.0E-03
2.596	146.2	7.69E-02	3.8E-03
2.625	146.2	7.95E-02	4.0E-03
2.656	146.2	7.78E-02	3.9E-03
2.695	146.2	7.52E-02	3.8E-03
2.712	146.2	7.52E-02	3.8E-03
2.745	146.2	7.61E-02	3.8E-03
2.774	146.2	7.78E-02	3.9E-03
2.801	146.2	7.17E-02	3.6E-03
2.826	146.2	7.17E-02	3.6E-03
2.855	146.2	7.61E-02	3.8E-03
2.890	146.2	7.17E-02	3.6E-03
2.919	146.2	7.35E-02	3.7E-03
2.948	146.2	7.00E-02	3.5E-03
2.975	146.2	7.61E-02	3.8E-03
3.002	146.2	7.26E-02	3.6E-03
3.041	146.2	7.52E-02	3.8E-03
3.064	146.2	7.17E-02	3.6E-03
3.093	146.2	7.43E-02	3.7E-03
3.128	146.2	7.09E-02	3.5E-03
3.155	146.2	7.69E-02	3.8E-03
3.186	146.2	7.52E-02	3.8E-03
3.215	146.2	7.43E-02	3.7E-03
3.240	146.2	7.43E-02	3.7E-03
3.264	146.2	7.35E-02	3.7E-03
3.291	146.2	7.17E-02	3.6E-03
3.328	146.2	7.26E-02	3.6E-03
3.356	146.2	7.61E-02	3.8E-03
3.384	146.2	7.43E-02	3.7E-03
3.417	146.2	6.83E-02	3.4E-03
3.438	146.2	7.17E-02	3.6E-03
3.469	146.2	6.91E-02	3.5E-03
3.500	146.2	7.09E-02	3.5E-03
3.529	146.2	7.52E-02	3.8E-03
3.554	146.2	7.00E-02	3.5E-03
3.583	146.2	7.26E-02	3.6E-03
3.614	146.2	7.09E-02	3.5E-03
3.641	146.2	7.35E-02	3.7E-03
3.680	146.2	7.35E-02	3.7E-03
3.709	146.2	7.43E-02	3.7E-03
3.742	146.2	7.43E-02	3.7E-03
3.769	146.2	7.52E-02	3.8E-03
3.796	146.2	7.52E-02	3.8E-03
3.830	146.2	7.78E-02	3.9E-03
3.862	146.2	7.09E-02	3.5E-03
3.883	146.2	7.78E-02	3.9E-03
3.910	146.2	7.69E-02	3.8E-03
3.937	146.2	7.52E-02	3.8E-03
3.964	146.2	7.61E-02	3.8E-03
3.997	146.2	7.78E-02	3.9E-03
4.028	146.2	7.86E-02	3.9E-03
4.059	146.2	8.04E-02	4.0E-03
4.092	146.2	7.78E-02	3.9E-03
4.121	146.2	8.12E-02	4.1E-03
4.156	146.2	7.69E-02	3.8E-03
4.177	146.2	7.52E-02	3.8E-03
4.210	146.2	8.30E-02	4.1E-03
4.243	146.2	7.78E-02	3.9E-03
4.264	146.2	8.47E-02	4.2E-03
4.291	146.2	8.38E-02	4.2E-03
4.320	146.2	8.04E-02	4.0E-03
4.351	146.2	8.12E-02	4.1E-03
0.386	168.2	2.48E-01	1.2E-02
0.394	168.2	1.95E-01	9.7E-03
0.406	168.2	1.75E-01	8.8E-03
0.413	168.2	1.47E-01	7.4E-03
0.419	168.2	1.11E-01	5.6E-03
0.426	168.2	8.51E-02	4.3E-03
0.435	168.2	7.75E-02	3.9E-03
0.444	168.2	1.21E-01	6.1E-03
0.447	168.2	2.73E-01	1.4E-02
0.462	168.2	5.29E-01	2.6E-02
0.469	168.2	7.79E-01	3.9E-02
0.481	168.2	7.40E-01	3.7E-02
0.502	168.2	5.71E-01	2.9E-02
0.525	168.2	4.54E-01	2.3E-02
0.552	168.2	4.01E-01	2.0E-02
0.576	168.2	3.65E-01	1.8E-02
0.592	168.2	3.34E-01	1.7E-02
0.610	168.2	3.12E-01	1.6E-02
0.633	168.2	2.95E-01	1.5E-02
0.663	168.2	2.80E-01	1.4E-02
0.686	168.2	2.76E-01	1.4E-02
0.704	168.2	2.61E-01	1.3E-02
0.725	168.2	2.59E-01	1.3E-02
0.749	168.2	2.48E-01	1.2E-02
0.768	168.2	2.46E-01	1.2E-02
0.794	168.2	2.30E-01	1.1E-02
0.817	168.2	2.28E-01	1.1E-02
0.833	168.2	2.19E-01	1.1E-02
0.856	168.2	2.26E-01	1.1E-02
0.884	168.2	2.16E-01	1.1E-02
0.905	168.2	2.08E-01	1.0E-02
0.919	168.2	1.97E-01	9.9E-03
0.948	168.2	2.02E-01	1.0E-02
0.969	168.2	1.98E-01	9.9E-03
0.989	168.2	2.05E-01	1.0E-02
1.010	168.2	1.90E-01	9.5E-03
1.034	168.2	1.87E-01	9.3E-03
1.053	168.2	1.84E-01	9.2E-03
1.075	168.2	1.81E-01	9.1E-03
1.121	168.2	1.79E-01	8.9E-03
1.178	168.2	1.73E-01	8.6E-03
1.217	168.2	1.70E-01	8.5E-03
1.285	168.2	1.69E-01	8.5E-03
1.327	168.2	1.66E-01	8.3E-03
1.378	168.2	1.65E-01	8.3E-03
1.426	168.2	1.69E-01	8.5E-03
1.481	168.2	1.75E-01	8.8E-03
1.518	168.2	1.77E-01	8.8E-03
1.547	168.2	1.83E-01	9.1E-03
1.564	168.2	1.86E-01	9.3E-03
1.599	168.2	1.84E-01	9.2E-03
1.628	168.2	1.79E-01	8.9E-03
1.638	168.2	1.68E-01	8.4E-03
1.662	168.2	1.49E-01	7.5E-03
1.666	168.2	1.23E-01	6.1E-03
1.671	168.2	9.35E-02	4.7E-03
1.675	168.2	6.57E-02	3.3E-03
1.684	168.2	3.96E-02	2.0E-03
1.695	168.2	3.20E-02	1.6E-03
1.703	168.2	4.97E-02	2.5E-03
1.707	168.2	2.17E-01	1.1E-02
1.708	168.2	7.33E-02	3.7E-03
1.709	168.2	1.24E-01	6.2E-03
1.710	168.2	9.60E-02	4.8E-03
1.712	168.2	1.83E-01	9.1E-03
1.712	168.2	2.67E-01	1.3E-02
1.714	168.2	1.45E-01	7.2E-03
1.716	168.2	2.80E-01	1.4E-02
1.720	168.2	3.49E-01	1.7E-02
1.721	168.2	4.21E-01	2.1E-02
1.727	168.2	4.90E-01	2.5E-02
1.727	168.2	5.92E-01	3.0E-02
1.730	168.2	6.66E-01	3.3E-02
1.733	168.2	7.36E-01	3.7E-02
1.737	168.2	7.89E-01	3.9E-02
1.740	168.2	8.83E-01	4.4E-02
1.749	168.2	8.91E-01	4.5E-02
1.753	168.2	8.78E-01	4.4E-02
1.755	168.2	7.88E-01	3.9E-02
1.758	168.2	7.37E-01	3.7E-02
1.760	168.2	8.46E-01	4.2E-02
1.763	168.2	6.65E-01	3.3E-02
1.766	168.2	5.90E-01	3.0E-02
1.770	168.2	5.24E-01	2.6E-02
1.771	168.2	4.50E-01	2.2E-02
1.771	168.2	3.27E-01	1.6E-02
1.773	168.2	3.63E-01	1.8E-02
1.777	168.2	2.41E-01	1.2E-02
1.778	168.2	2.82E-01	1.4E-02
1.781	168.2	2.00E-01	1.0E-02
1.784	168.2	1.71E-01	8.5E-03
1.790	168.2	1.47E-01	7.3E-03
1.793	168.2	1.25E-01	6.2E-03
1.797	168.2	1.09E-01	5.4E-03
1.799	168.2	9.35E-02	4.7E-03
1.801	168.2	7.58E-02	3.8E-03
1.809	168.2	6.15E-02	3.1E-03
1.831	168.2	4.46E-02	2.2E-03
1.862	168.2	3.87E-02	1.9E-03
1.889	168.2	4.55E-02	2.3E-03
1.918	168.2	5.14E-02	2.6E-03
1.928	168.2	5.31E-02	2.7E-03
1.963	168.2	5.81E-02	2.9E-03
2.000	168.2	6.23E-02	3.1E-03
2.031	168.2	6.57E-02	3.3E-03
2.075	168.2	6.65E-02	3.3E-03
2.116	168.2	6.99E-02	3.5E-03
2.153	168.2	7.08E-02	3.5E-03
2.186	168.2	7.08E-02	3.5E-03
2.246	168.2	7.16E-02	3.6E-03
2.273	168.2	7.41E-02	3.7E-03
2.303	168.2	7.92E-02	4.0E-03
2.338	168.2	6.99E-02	3.5E-03
2.365	168.2	7.66E-02	3.8E-03
2.390	168.2	7.83E-02	3.9E-03
2.415	168.2	7.24E-02	3.6E-03
2.458	168.2	7.16E-02	3.6E-03
2.489	168.2	7.16E-02	3.6E-03
2.542	168.2	6.74E-02	3.4E-03
2.577	168.2	6.99E-02	3.5E-03
2.610	168.2	7.16E-02	3.6E-03
2.656	168.2	7.08E-02	3.5E-03
2.687	168.2	6.65E-02	3.3E-03
2.722	168.2	6.65E-02	3.3E-03
2.755	168.2	6.91E-02	3.5E-03
2.786	168.2	6.74E-02	3.4E-03
2.816	168.2	6.82E-02	3.4E-03
2.841	168.2	6.99E-02	3.5E-03
2.860	168.2	6.65E-02	3.3E-03
2.897	168.2	6.74E-02	3.4E-03
2.922	168.2	6.65E-02	3.3E-03
2.954	168.2	6.65E-02	3.3E-03
2.981	168.2	6.82E-02	3.4E-03
3.010	168.2	7.08E-02	3.5E-03
3.043	168.2	7.08E-02	3.5E-03
3.072	168.2	6.99E-02	3.5E-03
3.105	168.2	6.99E-02	3.5E-03
3.132	168.2	6.91E-02	3.5E-03
3.167	168.2	7.24E-02	3.6E-03
3.193	168.2	6.82E-02	3.4E-03
3.222	168.2	6.82E-02	3.4E-03
3.247	168.2	6.91E-02	3.5E-03
3.276	168.2	6.57E-02	3.3E-03
3.305	168.2	6.65E-02	3.3E-03
3.332	168.2	6.49E-02	3.2E-03
3.364	168.2	6.40E-02	3.2E-03
3.393	168.2	6.40E-02	3.2E-03
3.424	168.2	6.82E-02	3.4E-03
3.453	168.2	6.82E-02	3.4E-03
3.482	168.2	6.57E-02	3.3E-03
3.515	168.2	6.57E-02	3.3E-03
3.542	168.2	6.65E-02	3.3E-03
3.572	168.2	6.65E-02	3.3E-03
3.597	168.2	6.65E-02	3.3E-03
3.630	168.2	6.57E-02	3.3E-03
3.659	168.2	6.49E-02	3.2E-03
3.692	168.2	6.49E-02	3.2E-03
3.721	168.2	6.82E-02	3.4E-03
3.748	168.2	6.74E-02	3.4E-03
3.773	168.2	6.57E-02	3.3E-03
3.799	168.2	6.65E-02	3.3E-03
3.828	168.2	6.49E-02	3.2E-03
3.863	168.2	6.91E-02	3.5E-03
3.890	168.2	6.91E-02	3.5E-03
3.923	168.2	6.82E-02	3.4E-03
3.956	168.2	7.16E-02	3.6E-03
3.983	168.2	7.08E-02	3.5E-03
4.014	168.2	7.75E-02	3.9E-03
4.040	168.2	7.41E-02	3.7E-03
4.067	168.2	7.50E-02	3.7E-03
4.106	168.2	7.24E-02	3.6E-03
4.129	168.2	7.08E-02	3.5E-03
4.156	168.2	7.58E-02	3.8E-03
4.183	168.2	7.33E-02	3.7E-03
4.211	168.2	7.16E-02	3.6E-03
4.242	168.2	7.58E-02	3.8E-03
4.273	168.2	7.58E-02	3.8E-03
4.300	168.2	7.50E-02	3.7E-03
4.329	168.2	7.83E-02	3.9E-03
4.356	168.2	7.24E-02	3.6E-03

