0.343	100	1.280E+00	6.400E-02
0.343	105	1.090E+00	5.450E-02
0.343	110	9.650E-01	4.825E-02
0.343	115	8.380E-01	4.190E-02
0.343	120	7.640E-01	3.820E-02
0.343	125	6.810E-01	3.405E-02
0.343	130	6.170E-01	3.085E-02
0.343	135	5.810E-01	2.905E-02
0.343	140	5.440E-01	2.720E-02
0.343	145	5.050E-01	2.525E-02
0.343	150	4.770E-01	2.385E-02
0.343	155	4.680E-01	2.340E-02
0.343	160	4.370E-01	2.185E-02
0.343	165	4.210E-01	2.105E-02
0.343	170	4.260E-01	2.130E-02
0.35	100	1.000E+00	5.000E-02
0.35	105	8.780E-01	4.390E-02
0.35	110	8.880E-01	4.440E-02
0.35	115	7.190E-01	3.595E-02
0.35	120	7.130E-01	3.565E-02
0.35	125	6.310E-01	3.155E-02
0.35	130	6.060E-01	3.030E-02
0.35	135	5.710E-01	2.855E-02
0.35	140	5.470E-01	2.735E-02
0.35	145	5.000E-01	2.500E-02
0.35	150	4.670E-01	2.335E-02
0.35	155	4.500E-01	2.250E-02
0.35	160	4.420E-01	2.210E-02
0.35	165	4.200E-01	2.100E-02
0.35	170	4.020E-01	2.010E-02
0.353	100	1.170E+00	5.850E-02
0.353	105	1.020E+00	5.100E-02
0.353	110	8.850E-01	4.425E-02
0.353	115	7.700E-01	3.850E-02
0.353	120	7.090E-01	3.545E-02
0.353	125	6.360E-01	3.180E-02
0.353	130	5.660E-01	2.830E-02
0.353	135	5.360E-01	2.680E-02
0.353	140	4.950E-01	2.475E-02
0.353	145	4.600E-01	2.300E-02
0.353	150	4.400E-01	2.200E-02
0.353	155	4.160E-01	2.080E-02
0.353	160	3.930E-01	1.965E-02
0.353	165	3.910E-01	1.955E-02
0.353	170	3.860E-01	1.930E-02
0.363	100	1.090E+00	5.450E-02
0.363	105	9.490E-01	4.745E-02
0.363	110	8.190E-01	4.095E-02
0.363	115	7.130E-01	3.565E-02
0.363	120	6.410E-01	3.205E-02
0.363	125	5.780E-01	2.890E-02
0.363	130	5.300E-01	2.650E-02
0.363	135	4.880E-01	2.440E-02
0.363	140	4.520E-01	2.260E-02
0.363	145	4.230E-01	2.115E-02
0.363	150	4.000E-01	2.000E-02
0.363	155	3.790E-01	1.895E-02
0.363	160	3.670E-01	1.835E-02
0.363	165	3.490E-01	1.745E-02
0.363	170	3.490E-01	1.745E-02
0.373	100	9.950E-01	4.975E-02
0.373	105	8.420E-01	4.210E-02
0.373	110	7.340E-01	3.670E-02
0.373	115	6.400E-01	3.200E-02
0.373	120	5.730E-01	2.865E-02
0.373	125	5.240E-01	2.620E-02
0.373	130	4.720E-01	2.360E-02
0.373	135	4.330E-01	2.165E-02
0.373	140	3.990E-01	1.995E-02
0.373	145	3.730E-01	1.865E-02
0.373	150	3.570E-01	1.785E-02
0.373	155	3.400E-01	1.700E-02
0.373	160	3.260E-01	1.630E-02
0.373	165	3.120E-01	1.560E-02
0.373	170	3.090E-01	1.545E-02
0.383	100	8.770E-01	4.385E-02
0.383	105	7.520E-01	3.760E-02
0.383	110	6.520E-01	3.260E-02
0.383	115	5.680E-01	2.840E-02
0.383	120	5.070E-01	2.535E-02
0.383	125	4.500E-01	2.250E-02
0.383	130	4.140E-01	2.070E-02
0.383	135	3.770E-01	1.885E-02
0.383	140	3.500E-01	1.750E-02
0.383	145	3.270E-01	1.635E-02
0.383	150	3.070E-01	1.535E-02
0.383	155	2.930E-01	1.465E-02
0.383	160	2.820E-01	1.410E-02
0.383	165	2.680E-01	1.340E-02
0.383	170	2.710E-01	1.355E-02
0.393	100	8.670E-01	4.335E-02
0.393	105	7.400E-01	3.700E-02
0.393	110	6.320E-01	3.160E-02
0.393	115	5.530E-01	2.765E-02
0.393	120	4.970E-01	2.485E-02
0.393	125	4.430E-01	2.215E-02
0.393	130	4.020E-01	2.010E-02
0.393	135	3.700E-01	1.850E-02
0.393	140	3.370E-01	1.685E-02
0.393	145	3.170E-01	1.585E-02
0.393	150	2.960E-01	1.480E-02
0.393	155	2.860E-01	1.430E-02
0.393	160	2.720E-01	1.360E-02
0.393	165	2.610E-01	1.305E-02
0.393	170	2.590E-01	1.295E-02
0.403	100	7.690E-01	3.845E-02
0.403	105	6.410E-01	3.205E-02
0.403	110	5.440E-01	2.720E-02
0.403	115	4.720E-01	2.360E-02
0.403	120	4.180E-01	2.090E-02
0.403	125	3.710E-01	1.855E-02
0.403	130	3.380E-01	1.690E-02
0.403	135	3.060E-01	1.530E-02
0.403	140	2.790E-01	1.395E-02
0.403	145	2.630E-01	1.315E-02
0.403	150	2.460E-01	1.230E-02
0.403	155	2.390E-01	1.195E-02
0.403	160	2.230E-01	1.115E-02
0.403	165	2.150E-01	1.075E-02
0.403	170	2.140E-01	1.070E-02
0.413	100	6.600E-01	3.300E-02
0.413	105	5.610E-01	2.805E-02
0.413	110	4.760E-01	2.380E-02
0.413	115	4.050E-01	2.025E-02
0.413	120	3.540E-01	1.770E-02
0.413	125	3.150E-01	1.575E-02
0.413	130	2.820E-01	1.410E-02
0.413	135	2.560E-01	1.280E-02
0.413	140	2.370E-01	1.185E-02
0.413	145	2.190E-01	1.095E-02
0.413	150	2.070E-01	1.035E-02
0.413	155	1.930E-01	9.650E-03
0.413	160	1.820E-01	9.100E-03
0.413	165	1.770E-01	8.850E-03
0.413	170	1.800E-01	9.000E-03
0.423	100	5.660E-01	2.830E-02
0.423	105	4.660E-01	2.330E-02
0.423	110	3.940E-01	1.970E-02
0.423	115	3.290E-01	1.645E-02
0.423	120	2.860E-01	1.430E-02
0.423	125	2.510E-01	1.255E-02
0.423	130	2.240E-01	1.120E-02
0.423	135	2.030E-01	1.015E-02
0.423	140	1.840E-01	9.200E-03
0.423	145	1.700E-01	8.500E-03
0.423	150	1.620E-01	8.100E-03
0.423	155	1.530E-01	7.650E-03
0.423	160	1.430E-01	7.150E-03
0.423	165	1.380E-01	6.900E-03
0.423	170	1.360E-01	6.800E-03
0.433	100	4.480E-01	2.240E-02
0.433	105	3.580E-01	1.790E-02
0.433	110	2.990E-01	1.495E-02
0.433	115	2.450E-01	1.225E-02
0.433	120	2.120E-01	1.060E-02
0.433	125	1.820E-01	9.100E-03
0.433	130	1.590E-01	7.950E-03
0.433	135	1.440E-01	7.200E-03
0.433	140	1.330E-01	6.650E-03
0.433	145	1.230E-01	6.150E-03
0.433	150	1.150E-01	5.750E-03
0.433	155	1.090E-01	5.450E-03
0.433	160	1.020E-01	5.100E-03
0.433	165	1.040E-01	5.200E-03
0.433	170	1.010E-01	5.050E-03
0.443	100	3.010E-01	1.505E-02
0.443	105	2.360E-01	1.180E-02
0.443	110	1.880E-01	9.400E-03
0.443	115	1.510E-01	7.550E-03
0.443	120	1.280E-01	6.400E-03
0.443	125	1.120E-01	5.600E-03
0.443	130	9.990E-02	4.995E-03
0.443	135	8.950E-02	4.475E-03
0.443	140	8.570E-02	4.285E-03
0.443	145	7.990E-02	3.995E-03
0.443	150	7.820E-02	3.910E-03
0.443	155	7.630E-02	3.815E-03
0.443	160	7.340E-02	3.670E-03
0.443	165	7.200E-02	3.600E-03
0.443	170	7.430E-02	3.715E-03
0.453	100	1.470E-01	7.350E-03
0.453	105	1.200E-01	6.000E-03
0.453	110	1.020E-01	5.100E-03
0.453	115	8.640E-02	4.320E-03
0.453	120	8.230E-02	4.115E-03
0.453	125	8.390E-02	4.195E-03
0.453	130	8.610E-02	4.305E-03
0.453	135	9.310E-02	4.655E-03
0.453	140	9.470E-02	4.735E-03
0.453	145	1.010E-01	5.050E-03
0.453	150	1.040E-01	5.200E-03
0.453	155	1.080E-01	5.400E-03
0.453	160	1.100E-01	5.500E-03
0.453	165	1.110E-01	5.550E-03
0.453	170	1.130E-01	5.650E-03
0.463	100	1.540E-01	7.700E-03
0.463	105	1.720E-01	8.600E-03
0.463	110	1.820E-01	9.100E-03
0.463	115	2.010E-01	1.005E-02
0.463	120	2.220E-01	1.110E-02
0.463	125	2.380E-01	1.190E-02
0.463	130	2.580E-01	1.290E-02
0.463	135	2.740E-01	1.370E-02
0.463	140	2.840E-01	1.420E-02
0.463	145	2.940E-01	1.470E-02
0.463	150	3.010E-01	1.505E-02
0.463	155	3.120E-01	1.560E-02
0.463	160	3.170E-01	1.585E-02
0.463	165	3.200E-01	1.600E-02
0.463	170	3.260E-01	1.630E-02
0.473	100	5.020E-01	2.510E-02
0.473	105	5.410E-01	2.705E-02
0.473	110	5.610E-01	2.805E-02
0.473	115	5.780E-01	2.890E-02
0.473	120	6.040E-01	3.020E-02
0.473	125	6.170E-01	3.085E-02
0.473	130	6.270E-01	3.135E-02
0.473	135	6.430E-01	3.215E-02
0.473	140	6.540E-01	3.270E-02
0.473	145	6.500E-01	3.250E-02
0.473	150	6.580E-01	3.290E-02
0.473	155	6.690E-01	3.345E-02
0.473	160	6.650E-01	3.325E-02
0.473	165	6.650E-01	3.325E-02
0.473	170	6.610E-01	3.305E-02
0.483	100	8.420E-01	4.210E-02
0.483	105	8.390E-01	4.195E-02
0.483	110	8.330E-01	4.165E-02
0.483	115	8.240E-01	4.120E-02
0.483	120	8.300E-01	4.150E-02
0.483	125	8.200E-01	4.100E-02
0.483	130	8.230E-01	4.115E-02
0.483	135	8.140E-01	4.070E-02
0.483	140	7.990E-01	3.995E-02
0.483	145	8.020E-01	4.010E-02
0.483	150	7.810E-01	3.905E-02
0.483	155	7.850E-01	3.925E-02
0.483	160	7.830E-01	3.915E-02
0.483	165	7.820E-01	3.910E-02
0.483	170	7.740E-01	3.870E-02
0.493	100	9.170E-01	4.585E-02
0.493	105	8.980E-01	4.490E-02
0.493	110	8.740E-01	4.370E-02
0.493	115	8.300E-01	4.150E-02
0.493	120	8.190E-01	4.095E-02
0.493	125	7.950E-01	3.975E-02
0.493	130	7.710E-01	3.855E-02
0.493	135	7.680E-01	3.840E-02
0.493	140	7.570E-01	3.785E-02
0.493	145	7.400E-01	3.700E-02
0.493	150	7.350E-01	3.675E-02
0.493	155	7.160E-01	3.580E-02
0.493	160	7.150E-01	3.575E-02
0.493	165	7.080E-01	3.540E-02
0.493	170	7.050E-01	3.525E-02
0.503	100	9.020E-01	4.510E-02
0.503	105	8.580E-01	4.290E-02
0.503	110	8.150E-01	4.075E-02
0.503	115	7.790E-01	3.895E-02
0.503	120	7.660E-01	3.830E-02
0.503	125	7.230E-01	3.615E-02
0.503	130	7.050E-01	3.525E-02
0.503	135	6.980E-01	3.490E-02
0.503	140	6.670E-01	3.335E-02
0.503	145	6.530E-01	3.265E-02
0.503	150	6.470E-01	3.235E-02
0.503	155	6.340E-01	3.170E-02
0.503	160	6.300E-01	3.150E-02
0.503	165	6.180E-01	3.090E-02
0.503	170	5.980E-01	2.990E-02
0.513	100	8.680E-01	4.340E-02
0.513	105	7.960E-01	3.980E-02
0.513	110	7.730E-01	3.865E-02
0.513	115	7.270E-01	3.635E-02
0.513	120	6.950E-01	3.475E-02
0.513	125	6.650E-01	3.325E-02
0.513	130	6.410E-01	3.205E-02
0.513	135	6.240E-01	3.120E-02
0.513	140	6.070E-01	3.035E-02
0.513	145	5.860E-01	2.930E-02
0.513	150	5.740E-01	2.870E-02
0.513	155	5.670E-01	2.835E-02
0.513	160	5.630E-01	2.815E-02
0.513	165	5.500E-01	2.750E-02
0.513	170	5.480E-01	2.740E-02
0.523	100	8.110E-01	4.055E-02
0.523	105	7.470E-01	3.735E-02
0.523	110	7.110E-01	3.555E-02
0.523	115	6.830E-01	3.415E-02
0.523	120	6.440E-01	3.220E-02
0.523	125	6.100E-01	3.050E-02
0.523	130	5.990E-01	2.995E-02
0.523	135	5.670E-01	2.835E-02
0.523	140	5.590E-01	2.795E-02
0.523	145	5.400E-01	2.700E-02
0.523	150	5.250E-01	2.625E-02
0.523	155	5.140E-01	2.570E-02
0.523	160	4.990E-01	2.495E-02
0.523	165	4.970E-01	2.485E-02
0.523	170	4.980E-01	2.490E-02
0.533	100	7.720E-01	3.860E-02
0.533	105	7.110E-01	3.555E-02
0.533	110	6.620E-01	3.310E-02
0.533	115	6.140E-01	3.070E-02
0.533	120	5.890E-01	2.945E-02
0.533	125	5.710E-01	2.855E-02
0.533	130	5.470E-01	2.735E-02
0.533	135	5.210E-01	2.605E-02
0.533	140	5.040E-01	2.520E-02
0.533	145	4.820E-01	2.410E-02
0.533	150	4.720E-01	2.360E-02
0.533	155	4.590E-01	2.295E-02
0.533	160	4.560E-01	2.280E-02
0.533	165	4.550E-01	2.275E-02
0.533	170	4.450E-01	2.225E-02
0.543	100	7.330E-01	3.665E-02
0.543	105	6.780E-01	3.390E-02
0.543	110	6.360E-01	3.180E-02
0.543	115	5.900E-01	2.950E-02
0.543	120	5.620E-01	2.810E-02
0.543	125	5.340E-01	2.670E-02
0.543	130	5.120E-01	2.560E-02
0.543	135	4.950E-01	2.475E-02
0.543	140	4.710E-01	2.355E-02
0.543	145	4.560E-01	2.280E-02
0.543	150	4.440E-01	2.220E-02
0.543	155	4.310E-01	2.155E-02
0.543	160	4.270E-01	2.135E-02
0.543	165	4.260E-01	2.130E-02
0.543	170	4.190E-01	2.095E-02
0.6	100	6.670E-01	3.335E-02
0.6	105	6.030E-01	3.015E-02
0.6	110	5.760E-01	2.880E-02
0.6	115	5.210E-01	2.605E-02
0.6	120	4.960E-01	2.480E-02
0.6	125	4.650E-01	2.325E-02
0.6	130	4.370E-01	2.185E-02
0.6	135	4.370E-01	2.185E-02
0.6	140	4.140E-01	2.070E-02
0.6	145	3.990E-01	1.995E-02
0.6	150	3.870E-01	1.935E-02
0.6	155	3.850E-01	1.925E-02
0.6	160	3.730E-01	1.865E-02
0.6	165	3.650E-01	1.825E-02
0.6	170	3.620E-01	1.810E-02
0.7	100	4.560E-01	2.280E-02
0.7	105	4.150E-01	2.075E-02
0.7	110	4.040E-01	2.020E-02
0.7	115	3.710E-01	1.855E-02
0.7	120	3.460E-01	1.730E-02
0.7	125	3.340E-01	1.670E-02
0.7	130	3.120E-01	1.560E-02
0.7	135	3.050E-01	1.525E-02
0.7	140	2.950E-01	1.475E-02
0.7	145	2.810E-01	1.405E-02
0.7	150	2.750E-01	1.375E-02
0.7	155	2.690E-01	1.345E-02
0.7	160	2.600E-01	1.300E-02
0.7	165	2.560E-01	1.280E-02
0.7	170	2.590E-01	1.295E-02
0.75	100	4.080E-01	2.040E-02
0.75	105	3.800E-01	1.900E-02
0.75	110	3.650E-01	1.825E-02
0.75	115	3.270E-01	1.635E-02
0.75	120	3.220E-01	1.610E-02
0.75	125	2.960E-01	1.480E-02
0.75	130	2.850E-01	1.425E-02
0.75	135	2.770E-01	1.385E-02
0.75	140	2.650E-01	1.325E-02
0.75	145	2.570E-01	1.285E-02
0.75	150	2.520E-01	1.260E-02
0.75	155	2.480E-01	1.240E-02
0.75	160	2.390E-01	1.195E-02
0.75	165	2.370E-01	1.185E-02
0.75	170	2.310E-01	1.155E-02
0.8	100	3.710E-01	1.855E-02
0.8	105	3.420E-01	1.710E-02
0.8	110	3.240E-01	1.620E-02
0.8	115	3.020E-01	1.510E-02
0.8	120	2.940E-01	1.470E-02
0.8	125	2.710E-01	1.355E-02
0.8	130	2.630E-01	1.315E-02
0.8	135	2.530E-01	1.265E-02
0.8	140	2.430E-01	1.215E-02
0.8	145	2.330E-01	1.165E-02
0.8	150	2.280E-01	1.140E-02
0.8	155	2.250E-01	1.125E-02
0.8	160	2.210E-01	1.105E-02
0.8	165	2.160E-01	1.080E-02
0.8	170	2.170E-01	1.085E-02
0.85	100	3.370E-01	1.685E-02
0.85	105	3.110E-01	1.555E-02
0.85	110	3.000E-01	1.500E-02
0.85	115	2.710E-01	1.355E-02
0.85	120	2.640E-01	1.320E-02
0.85	125	2.490E-01	1.245E-02
0.85	130	2.380E-01	1.190E-02
0.85	135	2.350E-01	1.175E-02
0.85	140	2.260E-01	1.130E-02
0.85	145	2.160E-01	1.080E-02
0.85	150	2.090E-01	1.045E-02
0.85	155	2.110E-01	1.055E-02
0.85	160	2.040E-01	1.020E-02
0.85	165	2.030E-01	1.015E-02
0.85	170	2.000E-01	1.000E-02
0.9	100	3.140E-01	1.570E-02
0.9	105	2.890E-01	1.445E-02
0.9	110	2.770E-01	1.385E-02
0.9	115	2.530E-01	1.265E-02
0.9	120	2.440E-01	1.220E-02
0.9	125	2.340E-01	1.170E-02
0.9	130	2.200E-01	1.100E-02
0.9	135	2.210E-01	1.105E-02
0.9	140	2.110E-01	1.055E-02
0.9	145	2.060E-01	1.030E-02
0.9	150	2.030E-01	1.015E-02
0.9	155	1.970E-01	9.850E-03
0.9	160	1.930E-01	9.650E-03
0.9	165	1.920E-01	9.600E-03
0.9	170	1.880E-01	9.400E-03
0.95	100	2.990E-01	1.495E-02
0.95	105	2.700E-01	1.350E-02
0.95	110	2.630E-01	1.315E-02
0.95	115	2.460E-01	1.230E-02
0.95	120	2.360E-01	1.180E-02
0.95	125	2.240E-01	1.120E-02
0.95	130	2.140E-01	1.070E-02
0.95	135	2.120E-01	1.060E-02
0.95	140	2.020E-01	1.010E-02
0.95	145	1.950E-01	9.750E-03
0.95	150	1.950E-01	9.750E-03
0.95	155	1.910E-01	9.550E-03
0.95	160	1.820E-01	9.100E-03
0.95	165	1.830E-01	9.150E-03
0.95	170	1.850E-01	9.250E-03
1	100	2.810E-01	1.405E-02
1	105	2.600E-01	1.300E-02
1	110	2.490E-01	1.245E-02
1	115	2.300E-01	1.150E-02
1	120	2.240E-01	1.120E-02
1	125	2.110E-01	1.055E-02
1	130	2.010E-01	1.005E-02
1	135	2.030E-01	1.015E-02
1	140	1.950E-01	9.750E-03
1	145	1.920E-01	9.600E-03
1	150	1.840E-01	9.200E-03
1	155	1.820E-01	9.100E-03
1	160	1.810E-01	9.050E-03
1	165	1.800E-01	9.000E-03
1	170	1.750E-01	8.750E-03
1.05	100	2.580E-01	1.290E-02
1.05	105	2.430E-01	1.215E-02
1.05	110	2.330E-01	1.165E-02
1.05	115	2.160E-01	1.080E-02
1.05	120	2.120E-01	1.060E-02
1.05	125	2.020E-01	1.010E-02
1.05	130	1.890E-01	9.450E-03
1.05	135	1.890E-01	9.450E-03
1.05	140	1.850E-01	9.250E-03
1.05	145	1.780E-01	8.900E-03
1.05	150	1.770E-01	8.850E-03
1.05	155	1.760E-01	8.800E-03
1.05	160	1.700E-01	8.500E-03
1.05	165	1.680E-01	8.400E-03
1.05	170	1.680E-01	8.400E-03
1.1	100	2.460E-01	1.230E-02
1.1	105	2.310E-01	1.155E-02
1.1	110	2.240E-01	1.120E-02
1.1	115	2.110E-01	1.055E-02
1.1	120	2.020E-01	1.010E-02
1.1	125	1.930E-01	9.650E-03
1.1	130	1.820E-01	9.100E-03
1.1	135	1.850E-01	9.250E-03
1.1	140	1.780E-01	8.900E-03
1.1	145	1.740E-01	8.700E-03
1.1	150	1.720E-01	8.600E-03
1.1	155	1.700E-01	8.500E-03
1.1	160	1.660E-01	8.300E-03
1.1	165	1.670E-01	8.350E-03
1.1	170	1.630E-01	8.150E-03
1.15	100	2.340E-01	1.170E-02
1.15	105	2.190E-01	1.095E-02
1.15	110	2.130E-01	1.065E-02
1.15	115	2.000E-01	1.000E-02
1.15	120	1.910E-01	9.550E-03
1.15	125	1.820E-01	9.100E-03
1.15	130	1.790E-01	8.950E-03
1.15	135	1.800E-01	9.000E-03
1.15	140	1.710E-01	8.550E-03
1.15	145	1.690E-01	8.450E-03
1.15	150	1.660E-01	8.300E-03
1.15	155	1.640E-01	8.200E-03
1.15	160	1.600E-01	8.000E-03
1.15	165	1.620E-01	8.100E-03
1.15	170	1.620E-01	8.100E-03
1.2	100	2.270E-01	1.135E-02
1.2	105	2.080E-01	1.040E-02
1.2	110	2.020E-01	1.010E-02
1.2	115	1.910E-01	9.550E-03
1.2	120	1.860E-01	9.300E-03
1.2	125	1.800E-01	9.000E-03
1.2	130	1.720E-01	8.600E-03
1.2	135	1.730E-01	8.650E-03
1.2	140	1.700E-01	8.500E-03
1.2	145	1.650E-01	8.250E-03
1.2	150	1.650E-01	8.250E-03
1.2	155	1.630E-01	8.150E-03
1.2	160	1.580E-01	7.900E-03
1.2	165	1.550E-01	7.750E-03
1.2	170	1.580E-01	7.900E-03
1.25	100	2.110E-01	1.055E-02
1.25	105	2.000E-01	1.000E-02
1.25	110	1.960E-01	9.800E-03
1.25	115	1.850E-01	9.250E-03
1.25	120	1.780E-01	8.900E-03
1.25	125	1.740E-01	8.700E-03
1.25	130	1.670E-01	8.350E-03
1.25	135	1.680E-01	8.400E-03
1.25	140	1.640E-01	8.200E-03
1.25	145	1.610E-01	8.050E-03
1.25	150	1.600E-01	8.000E-03
1.25	155	1.590E-01	7.950E-03
1.25	160	1.580E-01	7.900E-03
1.25	165	1.550E-01	7.750E-03
1.25	170	1.580E-01	7.900E-03
1.3	100	2.100E-01	1.050E-02
1.3	105	1.930E-01	9.650E-03
1.3	110	1.890E-01	9.450E-03
1.3	115	1.790E-01	8.950E-03
1.3	120	1.750E-01	8.750E-03
1.3	125	1.680E-01	8.400E-03
1.3	130	1.660E-01	8.300E-03
1.3	135	1.660E-01	8.300E-03
1.3	140	1.620E-01	8.100E-03
1.3	145	1.610E-01	8.050E-03
1.3	150	1.600E-01	8.000E-03
1.3	155	1.590E-01	7.950E-03
1.3	160	1.580E-01	7.900E-03
1.3	165	1.580E-01	7.900E-03
1.3	170	1.560E-01	7.800E-03
1.35	100	1.990E-01	9.950E-03
1.35	105	1.840E-01	9.200E-03
1.35	110	1.810E-01	9.050E-03
1.35	115	1.740E-01	8.700E-03
1.35	120	1.710E-01	8.550E-03
1.35	125	1.640E-01	8.200E-03
1.35	130	1.610E-01	8.050E-03
1.35	135	1.630E-01	8.150E-03
1.35	140	1.610E-01	8.050E-03
1.35	145	1.570E-01	7.850E-03
1.35	150	1.560E-01	7.800E-03
1.35	155	1.600E-01	8.000E-03
1.35	160	1.570E-01	7.850E-03
1.35	165	1.570E-01	7.850E-03
1.35	170	1.560E-01	7.800E-03
1.4	100	1.820E-01	9.100E-03
1.4	105	1.750E-01	8.750E-03
1.4	110	1.710E-01	8.550E-03
1.4	115	1.610E-01	8.050E-03
1.4	120	1.610E-01	8.050E-03
1.4	125	1.580E-01	7.900E-03
1.4	130	1.570E-01	7.850E-03
1.4	135	1.570E-01	7.850E-03
1.4	140	1.540E-01	7.700E-03
1.4	145	1.560E-01	7.800E-03
1.4	150	1.540E-01	7.700E-03
1.4	155	1.550E-01	7.750E-03
1.4	160	1.540E-01	7.700E-03
1.4	165	1.540E-01	7.700E-03
1.4	170	1.560E-01	7.800E-03
1.45	100	1.710E-01	8.550E-03
1.45	105	1.630E-01	8.150E-03
1.45	110	1.620E-01	8.100E-03
1.45	115	1.540E-01	7.700E-03
1.45	120	1.550E-01	7.750E-03
1.45	125	1.500E-01	7.500E-03
1.45	130	1.480E-01	7.400E-03
1.45	135	1.530E-01	7.650E-03
1.45	140	1.510E-01	7.550E-03
1.45	145	1.530E-01	7.650E-03
1.45	150	1.530E-01	7.650E-03
1.45	155	1.550E-01	7.750E-03
1.45	160	1.530E-01	7.650E-03
1.45	165	1.540E-01	7.700E-03
1.45	170	1.560E-01	7.800E-03
1.5	100	1.660E-01	8.300E-03
1.5	105	1.600E-01	8.000E-03
1.5	110	1.560E-01	7.800E-03
1.5	115	1.480E-01	7.400E-03
1.5	120	1.510E-01	7.550E-03
1.5	125	1.480E-01	7.400E-03
1.5	130	1.460E-01	7.300E-03
1.5	135	1.510E-01	7.550E-03
1.5	140	1.510E-01	7.550E-03
1.5	145	1.520E-01	7.600E-03
1.5	150	1.540E-01	7.700E-03
1.5	155	1.550E-01	7.750E-03
1.5	160	1.570E-01	7.850E-03
1.5	165	1.560E-01	7.800E-03
1.5	170	1.570E-01	7.850E-03
1.55	100	1.570E-01	7.850E-03
1.55	105	1.490E-01	7.450E-03
1.55	110	1.470E-01	7.350E-03
1.55	115	1.420E-01	7.100E-03
1.55	120	1.450E-01	7.250E-03
1.55	125	1.430E-01	7.150E-03
1.55	130	1.430E-01	7.150E-03
1.55	135	1.490E-01	7.450E-03
1.55	140	1.520E-01	7.600E-03
1.55	145	1.530E-01	7.650E-03
1.55	150	1.570E-01	7.850E-03
1.55	155	1.590E-01	7.950E-03
1.55	160	1.630E-01	8.150E-03
1.55	165	1.620E-01	8.100E-03
1.55	170	1.650E-01	8.250E-03
1.56	100	1.530E-01	7.650E-03
1.56	105	1.430E-01	7.150E-03
1.56	110	1.440E-01	7.200E-03
1.56	115	1.400E-01	7.000E-03
1.56	120	1.420E-01	7.100E-03
1.56	125	1.420E-01	7.100E-03
1.56	130	1.450E-01	7.250E-03
1.56	135	1.480E-01	7.400E-03
1.56	140	1.500E-01	7.500E-03
1.56	145	1.530E-01	7.650E-03
1.56	150	1.570E-01	7.850E-03
1.56	155	1.610E-01	8.050E-03
1.56	160	1.630E-01	8.150E-03
1.56	165	1.660E-01	8.300E-03
1.56	170	1.670E-01	8.350E-03
1.57	100	1.540E-01	7.700E-03
1.57	105	1.420E-01	7.100E-03
1.57	110	1.410E-01	7.050E-03
1.57	115	1.390E-01	6.950E-03
1.57	120	1.390E-01	6.950E-03
1.57	125	1.390E-01	6.950E-03
1.57	130	1.410E-01	7.050E-03
1.57	135	1.470E-01	7.350E-03
1.57	140	1.490E-01	7.450E-03
1.57	145	1.530E-01	7.650E-03
1.57	150	1.570E-01	7.850E-03
1.57	155	1.610E-01	8.050E-03
1.57	160	1.640E-01	8.200E-03
1.57	165	1.640E-01	8.200E-03
1.57	170	1.690E-01	8.450E-03
1.58	100	1.480E-01	7.400E-03
1.58	105	1.390E-01	6.950E-03
1.58	110	1.380E-01	6.900E-03
1.58	115	1.360E-01	6.800E-03
1.58	120	1.370E-01	6.850E-03
1.58	125	1.380E-01	6.900E-03
1.58	130	1.380E-01	6.900E-03
1.58	135	1.480E-01	7.400E-03
1.58	140	1.490E-01	7.450E-03
1.58	145	1.530E-01	7.650E-03
1.58	150	1.570E-01	7.850E-03
1.58	155	1.620E-01	8.100E-03
1.58	160	1.650E-01	8.250E-03
1.58	165	1.670E-01	8.350E-03
1.58	170	1.690E-01	8.450E-03
1.59	100	1.480E-01	7.400E-03
1.59	105	1.380E-01	6.900E-03
1.59	110	1.370E-01	6.850E-03
1.59	115	1.330E-01	6.650E-03
1.59	120	1.350E-01	6.750E-03
1.59	125	1.360E-01	6.800E-03
1.59	130	1.370E-01	6.850E-03
1.59	135	1.440E-01	7.200E-03
1.59	140	1.470E-01	7.350E-03
1.59	145	1.520E-01	7.600E-03
1.59	150	1.530E-01	7.650E-03
1.59	155	1.600E-01	8.000E-03
1.59	160	1.660E-01	8.300E-03
1.59	165	1.660E-01	8.300E-03
1.59	170	1.690E-01	8.450E-03
1.6	100	1.410E-01	7.050E-03
1.6	105	1.340E-01	6.700E-03
1.6	110	1.360E-01	6.800E-03
1.6	115	1.290E-01	6.450E-03
1.6	120	1.330E-01	6.650E-03
1.6	125	1.350E-01	6.750E-03
1.6	130	1.340E-01	6.700E-03
1.6	135	1.430E-01	7.150E-03
1.6	140	1.460E-01	7.300E-03
1.6	145	1.520E-01	7.600E-03
1.6	150	1.550E-01	7.750E-03
1.6	155	1.610E-01	8.050E-03
1.6	160	1.640E-01	8.200E-03
1.6	165	1.680E-01	8.400E-03
1.6	170	1.700E-01	8.500E-03
1.61	100	1.390E-01	6.950E-03
1.61	105	1.320E-01	6.600E-03
1.61	110	1.300E-01	6.500E-03
1.61	115	1.230E-01	6.150E-03
1.61	120	1.280E-01	6.400E-03
1.61	125	1.300E-01	6.500E-03
1.61	130	1.320E-01	6.600E-03
1.61	135	1.390E-01	6.950E-03
1.61	140	1.440E-01	7.200E-03
1.61	145	1.480E-01	7.400E-03
1.61	150	1.530E-01	7.650E-03
1.61	155	1.580E-01	7.900E-03
1.61	160	1.640E-01	8.200E-03
1.61	165	1.670E-01	8.350E-03
1.61	170	1.690E-01	8.450E-03
1.62	100	1.350E-01	6.750E-03
1.62	105	1.260E-01	6.300E-03
1.62	110	1.260E-01	6.300E-03
1.62	115	1.210E-01	6.050E-03
1.62	120	1.230E-01	6.150E-03
1.62	125	1.250E-01	6.250E-03
1.62	130	1.270E-01	6.350E-03
1.62	135	1.340E-01	6.700E-03
1.62	140	1.380E-01	6.900E-03
1.62	145	1.430E-01	7.150E-03
1.62	150	1.490E-01	7.450E-03
1.62	155	1.530E-01	7.650E-03
1.62	160	1.600E-01	8.000E-03
1.62	165	1.610E-01	8.050E-03
1.62	170	1.660E-01	8.300E-03
1.625	100	1.380E-01	6.900E-03
1.625	105	1.290E-01	6.450E-03
1.625	110	1.280E-01	6.400E-03
1.625	115	1.230E-01	6.150E-03
1.625	120	1.260E-01	6.300E-03
1.625	125	1.240E-01	6.200E-03
1.625	130	1.270E-01	6.350E-03
1.625	135	1.360E-01	6.800E-03
1.625	140	1.400E-01	7.000E-03
1.625	145	1.450E-01	7.250E-03
1.625	150	1.510E-01	7.550E-03
1.625	155	1.580E-01	7.900E-03
1.625	160	1.610E-01	8.050E-03
1.625	165	1.640E-01	8.200E-03
1.625	170	1.700E-01	8.500E-03
1.63	100	1.300E-01	6.500E-03
1.63	105	1.190E-01	5.950E-03
1.63	110	1.180E-01	5.900E-03
1.63	115	1.150E-01	5.750E-03
1.63	120	1.160E-01	5.800E-03
1.63	125	1.170E-01	5.850E-03
1.63	130	1.200E-01	6.000E-03
1.63	135	1.270E-01	6.350E-03
1.63	140	1.300E-01	6.500E-03
1.63	145	1.370E-01	6.850E-03
1.63	150	1.410E-01	7.050E-03
1.63	155	1.470E-01	7.350E-03
1.63	160	1.530E-01	7.650E-03
1.63	165	1.560E-01	7.800E-03
1.63	170	1.590E-01	7.950E-03
1.64	100	1.280E-01	6.400E-03
1.64	105	1.130E-01	5.650E-03
1.64	110	1.100E-01	5.500E-03
1.64	115	1.060E-01	5.300E-03
1.64	120	1.060E-01	5.300E-03
1.64	125	1.060E-01	5.300E-03
1.64	130	1.100E-01	5.500E-03
1.64	135	1.150E-01	5.750E-03
1.64	140	1.210E-01	6.050E-03
1.64	145	1.240E-01	6.200E-03
1.64	150	1.320E-01	6.600E-03
1.64	155	1.340E-01	6.700E-03
1.64	160	1.390E-01	6.950E-03
1.64	165	1.430E-01	7.150E-03
1.64	170	1.470E-01	7.350E-03
1.65	100	1.210E-01	6.050E-03
1.65	105	1.070E-01	5.350E-03
1.65	110	1.030E-01	5.150E-03
1.65	115	9.480E-02	4.740E-03
1.65	120	9.430E-02	4.715E-03
1.65	125	9.300E-02	4.650E-03
1.65	130	9.450E-02	4.725E-03
1.65	135	1.010E-01	5.050E-03
1.65	140	1.030E-01	5.150E-03
1.65	145	1.080E-01	5.400E-03
1.65	150	1.120E-01	5.600E-03
1.65	155	1.180E-01	5.900E-03
1.65	160	1.210E-01	6.050E-03
1.65	165	1.240E-01	6.200E-03
1.65	170	1.280E-01	6.400E-03
1.66	100	1.090E-01	5.450E-03
1.66	105	9.560E-02	4.780E-03
1.66	110	8.650E-02	4.325E-03
1.66	115	7.820E-02	3.910E-03
1.66	120	7.530E-02	3.765E-03
1.66	125	7.230E-02	3.615E-03
1.66	130	7.200E-02	3.600E-03
1.66	135	7.370E-02	3.685E-03
1.66	140	7.500E-02	3.750E-03
1.66	145	7.750E-02	3.875E-03
1.66	150	8.130E-02	4.065E-03
1.66	155	8.520E-02	4.260E-03
1.66	160	8.730E-02	4.365E-03
1.66	165	9.070E-02	4.535E-03
1.66	170	9.230E-02	4.615E-03
1.67	100	1.010E-01	5.050E-03
1.67	105	7.990E-02	3.995E-03
1.67	110	6.760E-02	3.380E-03
1.67	115	5.670E-02	2.835E-03
1.67	120	5.000E-02	2.500E-03
1.67	125	4.400E-02	2.200E-03
1.67	130	4.010E-02	2.005E-03
1.67	135	3.980E-02	1.990E-03
1.67	140	3.910E-02	1.955E-03
1.67	145	4.010E-02	2.005E-03
1.67	150	4.180E-02	2.090E-03
1.67	155	4.350E-02	2.175E-03
1.67	160	4.540E-02	2.270E-03
1.67	165	4.640E-02	2.320E-03
1.67	170	4.830E-02	2.415E-03
1.675	100	1.030E-01	5.150E-03
1.675	105	7.890E-02	3.945E-03
1.675	110	6.270E-02	3.135E-03
1.675	115	4.740E-02	2.370E-03
1.675	120	3.990E-02	1.995E-03
1.675	125	3.160E-02	1.580E-03
1.675	130	2.910E-02	1.455E-03
1.675	135	2.650E-02	1.325E-03
1.675	140	2.560E-02	1.280E-03
1.675	145	2.550E-02	1.275E-03
1.675	150	2.690E-02	1.345E-03
1.675	155	2.830E-02	1.415E-03
1.675	160	3.020E-02	1.510E-03
1.675	165	3.170E-02	1.585E-03
1.675	170	3.350E-02	1.675E-03
1.68	100	8.630E-02	4.315E-03
1.68	105	6.170E-02	3.085E-03
1.68	110	4.640E-02	2.320E-03
1.68	115	3.300E-02	1.650E-03
1.68	120	2.450E-02	1.225E-03
1.68	125	1.840E-02	9.200E-04
1.68	130	1.420E-02	7.100E-04
1.68	135	1.210E-02	6.050E-04
1.68	140	1.140E-02	5.700E-04
1.68	145	1.220E-02	6.100E-04
1.68	150	1.330E-02	6.650E-04
1.68	155	1.530E-02	7.650E-04
1.68	160	1.700E-02	8.500E-04
1.68	165	1.910E-02	9.550E-04
1.68	170	2.050E-02	1.025E-03
1.69	100	6.950E-02	3.475E-03
1.69	105	4.620E-02	2.310E-03
1.69	110	3.200E-02	1.600E-03
1.69	115	2.260E-02	1.130E-03
1.69	120	1.790E-02	8.950E-04
1.69	125	1.690E-02	8.450E-04
1.69	130	1.820E-02	9.100E-04
1.69	135	2.250E-02	1.125E-03
1.69	140	2.820E-02	1.410E-03
1.69	145	3.440E-02	1.720E-03
1.69	150	4.190E-02	2.095E-03
1.69	155	5.040E-02	2.520E-03
1.69	160	5.700E-02	2.850E-03
1.69	165	6.330E-02	3.165E-03
1.69	170	6.790E-02	3.395E-03
1.7	100	5.050E-02	2.525E-03
1.7	105	3.570E-02	1.785E-03
1.7	110	3.250E-02	1.625E-03
1.7	115	3.330E-02	1.665E-03
1.7	120	4.130E-02	2.065E-03
1.7	125	5.280E-02	2.640E-03
1.7	130	6.730E-02	3.365E-03
1.7	135	8.860E-02	4.430E-03
1.7	140	1.090E-01	5.450E-03
1.7	145	1.310E-01	6.550E-03
1.7	150	1.540E-01	7.700E-03
1.7	155	1.760E-01	8.800E-03
1.7	160	1.940E-01	9.700E-03
1.7	165	2.090E-01	1.045E-02
1.7	170	2.230E-01	1.115E-02
1.71	100	3.480E-02	1.740E-03
1.71	105	3.530E-02	1.765E-03
1.71	110	4.730E-02	2.365E-03
1.71	115	6.280E-02	3.140E-03
1.71	120	8.620E-02	4.310E-03
1.71	125	1.150E-01	5.750E-03
1.71	130	1.510E-01	7.550E-03
1.71	135	1.970E-01	9.850E-03
1.71	140	2.390E-01	1.195E-02
1.71	145	2.820E-01	1.410E-02
1.71	150	3.270E-01	1.635E-02
1.71	155	3.720E-01	1.860E-02
1.71	160	4.090E-01	2.045E-02
1.71	165	4.400E-01	2.200E-02
1.71	170	4.650E-01	2.325E-02
1.72	100	4.240E-02	2.120E-03
1.72	105	5.360E-02	2.680E-03
1.72	110	7.750E-02	3.875E-03
1.72	115	1.060E-01	5.300E-03
1.72	120	1.460E-01	7.300E-03
1.72	125	1.910E-01	9.550E-03
1.72	130	2.450E-01	1.225E-02
1.72	135	3.120E-01	1.560E-02
1.72	140	3.750E-01	1.875E-02
1.72	145	4.430E-01	2.215E-02
1.72	150	5.100E-01	2.550E-02
1.72	155	5.800E-01	2.900E-02
1.72	160	6.330E-01	3.165E-02
1.72	165	6.790E-01	3.395E-02
1.72	170	7.190E-01	3.595E-02
1.725	100	6.450E-02	3.225E-03
1.725	105	8.140E-02	4.070E-03
1.725	110	1.070E-01	5.350E-03
1.725	115	1.380E-01	6.900E-03
1.725	120	1.840E-01	9.200E-03
1.725	125	2.330E-01	1.165E-02
1.725	130	2.900E-01	1.450E-02
1.725	135	3.720E-01	1.860E-02
1.725	140	4.430E-01	2.215E-02
1.725	145	5.220E-01	2.610E-02
1.725	150	6.040E-01	3.020E-02
1.725	155	6.810E-01	3.405E-02
1.725	160	7.440E-01	3.720E-02
1.725	165	8.030E-01	4.015E-02
1.725	170	8.430E-01	4.215E-02
1.73	100	8.420E-02	4.210E-03
1.73	105	1.020E-01	5.100E-03
1.73	110	1.260E-01	6.300E-03
1.73	115	1.550E-01	7.750E-03
1.73	120	1.970E-01	9.850E-03
1.73	125	2.440E-01	1.220E-02
1.73	130	2.980E-01	1.490E-02
1.73	135	3.730E-01	1.865E-02
1.73	140	4.440E-01	2.220E-02
1.73	145	5.200E-01	2.600E-02
1.73	150	5.990E-01	2.995E-02
1.73	155	6.730E-01	3.365E-02
1.73	160	7.460E-01	3.730E-02
1.73	165	7.990E-01	3.995E-02
1.73	170	8.420E-01	4.210E-02
1.735	100	1.160E-01	5.800E-03
1.735	105	1.310E-01	6.550E-03
1.735	110	1.510E-01	7.550E-03
1.735	115	1.780E-01	8.900E-03
1.735	120	2.130E-01	1.065E-02
1.735	125	2.510E-01	1.255E-02
1.735	130	3.050E-01	1.525E-02
1.735	135	3.740E-01	1.870E-02
1.735	140	4.410E-01	2.205E-02
1.735	145	5.100E-01	2.550E-02
1.735	150	5.900E-01	2.950E-02
1.735	155	6.570E-01	3.285E-02
1.735	160	7.220E-01	3.610E-02
1.735	165	7.770E-01	3.885E-02
1.735	170	8.180E-01	4.090E-02
1.74	100	1.500E-01	7.500E-03
1.74	105	1.600E-01	8.000E-03
1.74	110	1.820E-01	9.100E-03
1.74	115	1.960E-01	9.800E-03
1.74	120	2.260E-01	1.130E-02
1.74	125	2.550E-01	1.275E-02
1.74	130	3.020E-01	1.510E-02
1.74	135	3.640E-01	1.820E-02
1.74	140	4.150E-01	2.075E-02
1.74	145	4.780E-01	2.390E-02
1.74	150	5.430E-01	2.715E-02
1.74	155	6.110E-01	3.055E-02
1.74	160	6.760E-01	3.380E-02
1.74	165	7.200E-01	3.600E-02
1.74	170	7.640E-01	3.820E-02
1.75	100	2.160E-01	1.080E-02
1.75	105	2.170E-01	1.085E-02
1.75	110	2.190E-01	1.095E-02
1.75	115	2.190E-01	1.095E-02
1.75	120	2.270E-01	1.135E-02
1.75	125	2.420E-01	1.210E-02
1.75	130	2.570E-01	1.285E-02
1.75	135	2.910E-01	1.455E-02
1.75	140	3.240E-01	1.620E-02
1.75	145	3.670E-01	1.835E-02
1.75	150	4.060E-01	2.030E-02
1.75	155	4.520E-01	2.260E-02
1.75	160	4.960E-01	2.480E-02
1.75	165	5.250E-01	2.625E-02
1.75	170	5.520E-01	2.760E-02
1.76	100	2.430E-01	1.215E-02
1.76	105	2.330E-01	1.165E-02
1.76	110	2.270E-01	1.135E-02
1.76	115	2.140E-01	1.070E-02
1.76	120	2.030E-01	1.015E-02
1.76	125	2.020E-01	1.010E-02
1.76	130	2.030E-01	1.015E-02
1.76	135	2.090E-01	1.045E-02
1.76	140	2.210E-01	1.105E-02
1.76	145	2.320E-01	1.160E-02
1.76	150	2.520E-01	1.260E-02
1.76	155	2.770E-01	1.385E-02
1.76	160	2.950E-01	1.475E-02
1.76	165	3.150E-01	1.575E-02
1.76	170	3.260E-01	1.630E-02
1.77	100	2.560E-01	1.280E-02
1.77	105	2.360E-01	1.180E-02
1.77	110	2.270E-01	1.135E-02
1.77	115	2.090E-01	1.045E-02
1.77	120	1.930E-01	9.650E-03
1.77	125	1.770E-01	8.850E-03
1.77	130	1.660E-01	8.300E-03
1.77	135	1.630E-01	8.150E-03
1.77	140	1.580E-01	7.900E-03
1.77	145	1.570E-01	7.850E-03
1.77	150	1.620E-01	8.100E-03
1.77	155	1.680E-01	8.400E-03
1.77	160	1.770E-01	8.850E-03
1.77	165	1.830E-01	9.150E-03
1.77	170	1.890E-01	9.450E-03
1.775	100	2.600E-01	1.300E-02
1.775	105	2.510E-01	1.255E-02
1.775	110	2.390E-01	1.195E-02
1.775	115	2.130E-01	1.065E-02
1.775	120	1.980E-01	9.900E-03
1.775	125	1.750E-01	8.750E-03
1.775	130	1.590E-01	7.950E-03
1.775	135	1.510E-01	7.550E-03
1.775	140	1.430E-01	7.150E-03
1.775	145	1.390E-01	6.950E-03
1.775	150	1.390E-01	6.950E-03
1.775	155	1.420E-01	7.100E-03
1.775	160	1.440E-01	7.200E-03
1.775	165	1.490E-01	7.450E-03
1.775	170	1.510E-01	7.550E-03
1.78	100	2.500E-01	1.250E-02
1.78	105	2.290E-01	1.145E-02
1.78	110	2.180E-01	1.090E-02
1.78	115	1.950E-01	9.750E-03
1.78	120	1.780E-01	8.900E-03
1.78	125	1.590E-01	7.950E-03
1.78	130	1.430E-01	7.150E-03
1.78	135	1.310E-01	6.550E-03
1.78	140	1.220E-01	6.100E-03
1.78	145	1.140E-01	5.700E-03
1.78	150	1.100E-01	5.500E-03
1.78	155	1.090E-01	5.450E-03
1.78	160	1.090E-01	5.450E-03
1.78	165	1.090E-01	5.450E-03
1.78	170	1.110E-01	5.550E-03
1.79	100	2.360E-01	1.180E-02
1.79	105	2.150E-01	1.075E-02
1.79	110	2.020E-01	1.010E-02
1.79	115	1.810E-01	9.050E-03
1.79	120	1.650E-01	8.250E-03
1.79	125	1.450E-01	7.250E-03
1.79	130	1.260E-01	6.300E-03
1.79	135	1.130E-01	5.650E-03
1.79	140	1.000E-01	5.000E-03
1.79	145	8.940E-02	4.470E-03
1.79	150	8.090E-02	4.045E-03
1.79	155	7.540E-02	3.770E-03
1.79	160	7.190E-02	3.595E-03
1.79	165	6.920E-02	3.460E-03
1.79	170	6.920E-02	3.460E-03
1.8	100	2.340E-01	1.170E-02
1.8	105	2.180E-01	1.090E-02
1.8	110	2.050E-01	1.025E-02
1.8	115	1.820E-01	9.100E-03
1.8	120	1.650E-01	8.250E-03
1.8	125	1.450E-01	7.250E-03
1.8	130	1.260E-01	6.300E-03
1.8	135	1.110E-01	5.550E-03
1.8	140	9.470E-02	4.735E-03
1.8	145	8.270E-02	4.135E-03
1.8	150	7.210E-02	3.605E-03
1.8	155	6.480E-02	3.240E-03
1.8	160	5.870E-02	2.935E-03
1.8	165	5.500E-02	2.750E-03
1.8	170	5.260E-02	2.630E-03
1.81	100	2.210E-01	1.105E-02
1.81	105	2.040E-01	1.020E-02
1.81	110	1.920E-01	9.600E-03
1.81	115	1.710E-01	8.550E-03
1.81	120	1.560E-01	7.800E-03
1.81	125	1.380E-01	6.900E-03
1.81	130	1.170E-01	5.850E-03
1.81	135	1.030E-01	5.150E-03
1.81	140	8.780E-02	4.390E-03
1.81	145	7.440E-02	3.720E-03
1.81	150	6.370E-02	3.185E-03
1.81	155	5.520E-02	2.760E-03
1.81	160	4.860E-02	2.430E-03
1.81	165	4.330E-02	2.165E-03
1.81	170	4.010E-02	2.005E-03
1.82	100	2.120E-01	1.060E-02
1.82	105	1.970E-01	9.850E-03
1.82	110	1.850E-01	9.250E-03
1.82	115	1.660E-01	8.300E-03
1.82	120	1.520E-01	7.600E-03
1.82	125	1.330E-01	6.650E-03
1.82	130	1.140E-01	5.700E-03
1.82	135	1.010E-01	5.050E-03
1.82	140	8.540E-02	4.270E-03
1.82	145	7.280E-02	3.640E-03
1.82	150	6.140E-02	3.070E-03
1.82	155	5.280E-02	2.640E-03
1.82	160	4.530E-02	2.265E-03
1.82	165	4.020E-02	2.010E-03
1.82	170	3.600E-02	1.800E-03
1.825	100	2.260E-01	1.130E-02
1.825	105	2.080E-01	1.040E-02
1.825	110	1.990E-01	9.950E-03
1.825	115	1.760E-01	8.800E-03
1.825	120	1.600E-01	8.000E-03
1.825	125	1.420E-01	7.100E-03
1.825	130	1.220E-01	6.100E-03
1.825	135	1.080E-01	5.400E-03
1.825	140	9.050E-02	4.525E-03
1.825	145	7.730E-02	3.865E-03
1.825	150	6.430E-02	3.215E-03
1.825	155	5.550E-02	2.775E-03
1.825	160	4.810E-02	2.405E-03
1.825	165	4.190E-02	2.095E-03
1.825	170	3.730E-02	1.865E-03
1.83	100	2.110E-01	1.055E-02
1.83	105	1.960E-01	9.800E-03
1.83	110	1.860E-01	9.300E-03
1.83	115	1.650E-01	8.250E-03
1.83	120	1.510E-01	7.550E-03
1.83	125	1.320E-01	6.600E-03
1.83	130	1.150E-01	5.750E-03
1.83	135	1.020E-01	5.100E-03
1.83	140	8.620E-02	4.310E-03
1.83	145	7.290E-02	3.645E-03
1.83	150	6.170E-02	3.085E-03
1.83	155	5.220E-02	2.610E-03
1.83	160	4.510E-02	2.255E-03
1.83	165	3.900E-02	1.950E-03
1.83	170	3.530E-02	1.765E-03
1.84	100	2.040E-01	1.020E-02
1.84	105	1.910E-01	9.550E-03
1.84	110	1.780E-01	8.900E-03
1.84	115	1.640E-01	8.200E-03
1.84	120	1.470E-01	7.350E-03
1.84	125	1.320E-01	6.600E-03
1.84	130	1.120E-01	5.600E-03
1.84	135	1.010E-01	5.050E-03
1.84	140	8.640E-02	4.320E-03
1.84	145	7.350E-02	3.675E-03
1.84	150	6.270E-02	3.135E-03
1.84	155	5.250E-02	2.625E-03
1.84	160	4.560E-02	2.280E-03
1.84	165	4.040E-02	2.020E-03
1.84	170	3.540E-02	1.770E-03
1.85	100	2.030E-01	1.015E-02
1.85	105	1.900E-01	9.500E-03
1.85	110	1.800E-01	9.000E-03
1.85	115	1.620E-01	8.100E-03
1.85	120	1.470E-01	7.350E-03
1.85	125	1.310E-01	6.550E-03
1.85	130	1.140E-01	5.700E-03
1.85	135	1.030E-01	5.150E-03
1.85	140	8.760E-02	4.380E-03
1.85	145	7.500E-02	3.750E-03
1.85	150	6.450E-02	3.225E-03
1.85	155	5.450E-02	2.725E-03
1.85	160	4.750E-02	2.375E-03
1.85	165	4.070E-02	2.035E-03
1.85	170	3.720E-02	1.860E-03
1.875	100	2.030E-01	1.015E-02
1.875	105	1.910E-01	9.550E-03
1.875	110	1.800E-01	9.000E-03
1.875	115	1.630E-01	8.150E-03
1.875	120	1.520E-01	7.600E-03
1.875	125	1.340E-01	6.700E-03
1.875	130	1.200E-01	6.000E-03
1.875	135	1.080E-01	5.400E-03
1.875	140	9.610E-02	4.805E-03
1.875	145	8.190E-02	4.095E-03
1.875	150	7.140E-02	3.570E-03
1.875	155	6.190E-02	3.095E-03
1.875	160	5.360E-02	2.680E-03
1.875	165	4.870E-02	2.435E-03
1.875	170	4.410E-02	2.205E-03
1.9	100	1.860E-01	9.300E-03
1.9	105	1.790E-01	8.950E-03
1.9	110	1.720E-01	8.600E-03
1.9	115	1.550E-01	7.750E-03
1.9	120	1.440E-01	7.200E-03
1.9	125	1.290E-01	6.450E-03
1.9	130	1.170E-01	5.850E-03
1.9	135	1.070E-01	5.350E-03
1.9	140	9.260E-02	4.630E-03
1.9	145	8.130E-02	4.065E-03
1.9	150	7.140E-02	3.570E-03
1.9	155	6.320E-02	3.160E-03
1.9	160	5.720E-02	2.860E-03
1.9	165	5.060E-02	2.530E-03
1.9	170	4.700E-02	2.350E-03
1.925	100	1.880E-01	9.400E-03
1.925	105	1.770E-01	8.850E-03
1.925	110	1.690E-01	8.450E-03
1.925	115	1.540E-01	7.700E-03
1.925	120	1.430E-01	7.150E-03
1.925	125	1.330E-01	6.650E-03
1.925	130	1.180E-01	5.900E-03
1.925	135	1.080E-01	5.400E-03
1.925	140	9.620E-02	4.810E-03
1.925	145	8.520E-02	4.260E-03
1.925	150	7.680E-02	3.840E-03
1.925	155	6.750E-02	3.375E-03
1.925	160	6.190E-02	3.095E-03
1.925	165	5.640E-02	2.820E-03
1.925	170	5.230E-02	2.615E-03
1.95	100	1.760E-01	8.800E-03
1.95	105	1.640E-01	8.200E-03
1.95	110	1.570E-01	7.850E-03
1.95	115	1.450E-01	7.250E-03
1.95	120	1.340E-01	6.700E-03
1.95	125	1.250E-01	6.250E-03
1.95	130	1.120E-01	5.600E-03
1.95	135	1.050E-01	5.250E-03
1.95	140	9.410E-02	4.705E-03
1.95	145	8.540E-02	4.270E-03
1.95	150	7.680E-02	3.840E-03
1.95	155	6.990E-02	3.495E-03
1.95	160	6.300E-02	3.150E-03
1.95	165	5.710E-02	2.855E-03
1.95	170	5.380E-02	2.690E-03
1.975	100	1.800E-01	9.000E-03
1.975	105	1.670E-01	8.350E-03
1.975	110	1.620E-01	8.100E-03
1.975	115	1.520E-01	7.600E-03
1.975	120	1.420E-01	7.100E-03
1.975	125	1.310E-01	6.550E-03
1.975	130	1.190E-01	5.950E-03
1.975	135	1.100E-01	5.500E-03
1.975	140	1.020E-01	5.100E-03
1.975	145	9.350E-02	4.675E-03
1.975	150	8.530E-02	4.265E-03
1.975	155	7.930E-02	3.965E-03
1.975	160	7.180E-02	3.590E-03
1.975	165	6.770E-02	3.385E-03
1.975	170	6.480E-02	3.240E-03
2	100	1.690E-01	8.450E-03
2	105	1.600E-01	8.000E-03
2	110	1.570E-01	7.850E-03
2	115	1.440E-01	7.200E-03
2	120	1.340E-01	6.700E-03
2	125	1.270E-01	6.350E-03
2	130	1.130E-01	5.650E-03
2	135	1.080E-01	5.400E-03
2	140	9.860E-02	4.930E-03
2	145	8.950E-02	4.475E-03
2	150	7.990E-02	3.995E-03
2	155	7.440E-02	3.720E-03
2	160	6.810E-02	3.405E-03
2	165	6.340E-02	3.170E-03
2	170	6.090E-02	3.045E-03
2.025	100	1.730E-01	8.650E-03
2.025	105	1.600E-01	8.000E-03
2.025	110	1.560E-01	7.800E-03
2.025	115	1.430E-01	7.150E-03
2.025	120	1.350E-01	6.750E-03
2.025	125	1.240E-01	6.200E-03
2.025	130	1.170E-01	5.850E-03
2.025	135	1.080E-01	5.400E-03
2.025	140	9.940E-02	4.970E-03
2.025	145	9.000E-02	4.500E-03
2.025	150	8.390E-02	4.195E-03
2.025	155	7.610E-02	3.805E-03
2.025	160	7.180E-02	3.590E-03
2.025	165	6.640E-02	3.320E-03
2.025	170	6.290E-02	3.145E-03
2.05	100	1.600E-01	8.000E-03
2.05	105	1.540E-01	7.700E-03
2.05	110	1.480E-01	7.400E-03
2.05	115	1.360E-01	6.800E-03
2.05	120	1.320E-01	6.600E-03
2.05	125	1.200E-01	6.000E-03
2.05	130	1.110E-01	5.550E-03
2.05	135	1.070E-01	5.350E-03
2.05	140	9.750E-02	4.875E-03
2.05	145	8.930E-02	4.465E-03
2.05	150	8.210E-02	4.105E-03
2.05	155	7.580E-02	3.790E-03
2.05	160	7.050E-02	3.525E-03
2.05	165	6.680E-02	3.340E-03
2.05	170	6.410E-02	3.205E-03
2.075	100	1.640E-01	8.200E-03
2.075	105	1.570E-01	7.850E-03
2.075	110	1.500E-01	7.500E-03
2.075	115	1.410E-01	7.050E-03
2.075	120	1.350E-01	6.750E-03
2.075	125	1.250E-01	6.250E-03
2.075	130	1.150E-01	5.750E-03
2.075	135	1.100E-01	5.500E-03
2.075	140	1.000E-01	5.000E-03
2.075	145	9.520E-02	4.760E-03
2.075	150	8.720E-02	4.360E-03
2.075	155	8.180E-02	4.090E-03
2.075	160	7.590E-02	3.795E-03
2.075	165	7.270E-02	3.635E-03
2.075	170	6.910E-02	3.455E-03
2.1	100	1.550E-01	7.750E-03
2.1	105	1.500E-01	7.500E-03
2.1	110	1.450E-01	7.250E-03
2.1	115	1.360E-01	6.800E-03
2.1	120	1.300E-01	6.500E-03
2.1	125	1.200E-01	6.000E-03
2.1	130	1.090E-01	5.450E-03
2.1	135	1.070E-01	5.350E-03
2.1	140	9.820E-02	4.910E-03
2.1	145	9.160E-02	4.580E-03
2.1	150	8.470E-02	4.235E-03
2.1	155	8.050E-02	4.025E-03
2.1	160	7.600E-02	3.800E-03
2.1	165	7.020E-02	3.510E-03
2.1	170	6.800E-02	3.400E-03
2.125	100	1.610E-01	8.050E-03
2.125	105	1.520E-01	7.600E-03
2.125	110	1.470E-01	7.350E-03
2.125	115	1.400E-01	7.000E-03
2.125	120	1.320E-01	6.600E-03
2.125	125	1.230E-01	6.150E-03
2.125	130	1.140E-01	5.700E-03
2.125	135	1.090E-01	5.450E-03
2.125	140	1.020E-01	5.100E-03
2.125	145	9.450E-02	4.725E-03
2.125	150	8.880E-02	4.440E-03
2.125	155	8.230E-02	4.115E-03
2.125	160	7.670E-02	3.835E-03
2.125	165	7.280E-02	3.640E-03
2.125	170	7.040E-02	3.520E-03
2.15	100	1.530E-01	7.650E-03
2.15	105	1.490E-01	7.450E-03
2.15	110	1.440E-01	7.200E-03
2.15	115	1.320E-01	6.600E-03
2.15	120	1.270E-01	6.350E-03
2.15	125	1.180E-01	5.900E-03
2.15	130	1.100E-01	5.500E-03
2.15	135	1.060E-01	5.300E-03
2.15	140	9.820E-02	4.910E-03
2.15	145	9.090E-02	4.545E-03
2.15	150	8.420E-02	4.210E-03
2.15	155	7.870E-02	3.935E-03
2.15	160	7.420E-02	3.710E-03
2.15	165	7.020E-02	3.510E-03
2.15	170	6.740E-02	3.370E-03
2.175	100	1.550E-01	7.750E-03
2.175	105	1.480E-01	7.400E-03
2.175	110	1.440E-01	7.200E-03
2.175	115	1.350E-01	6.750E-03
2.175	120	1.260E-01	6.300E-03
2.175	125	1.220E-01	6.100E-03
2.175	130	1.120E-01	5.600E-03
2.175	135	1.070E-01	5.350E-03
2.175	140	9.890E-02	4.945E-03
2.175	145	9.240E-02	4.620E-03
2.175	150	8.630E-02	4.315E-03
2.175	155	8.110E-02	4.055E-03
2.175	160	7.640E-02	3.820E-03
2.175	165	7.210E-02	3.605E-03
2.175	170	7.000E-02	3.500E-03
2.2	100	1.520E-01	7.600E-03
2.2	105	1.420E-01	7.100E-03
2.2	110	1.410E-01	7.050E-03
2.2	115	1.330E-01	6.650E-03
2.2	120	1.270E-01	6.350E-03
2.2	125	1.170E-01	5.850E-03
2.2	130	1.110E-01	5.550E-03
2.2	135	1.040E-01	5.200E-03
2.2	140	9.660E-02	4.830E-03
2.2	145	9.080E-02	4.540E-03
2.2	150	8.390E-02	4.195E-03
2.2	155	7.990E-02	3.995E-03
2.2	160	7.630E-02	3.815E-03
2.2	165	7.080E-02	3.540E-03
2.2	170	6.870E-02	3.435E-03
2.225	100	1.490E-01	7.450E-03
2.225	105	1.430E-01	7.150E-03
2.225	110	1.420E-01	7.100E-03
2.225	115	1.320E-01	6.600E-03
2.225	120	1.270E-01	6.350E-03
2.225	125	1.170E-01	5.850E-03
2.225	130	1.110E-01	5.550E-03
2.225	135	1.060E-01	5.300E-03
2.225	140	9.870E-02	4.935E-03
2.225	145	9.200E-02	4.600E-03
2.225	150	8.540E-02	4.270E-03
2.225	155	8.170E-02	4.085E-03
2.225	160	7.580E-02	3.790E-03
2.225	165	7.370E-02	3.685E-03
2.225	170	7.060E-02	3.530E-03
2.25	100	1.430E-01	7.150E-03
2.25	105	1.380E-01	6.900E-03
2.25	110	1.330E-01	6.650E-03
2.25	115	1.260E-01	6.300E-03
2.25	120	1.200E-01	6.000E-03
2.25	125	1.130E-01	5.650E-03
2.25	130	1.070E-01	5.350E-03
2.25	135	1.020E-01	5.100E-03
2.25	140	9.540E-02	4.770E-03
2.25	145	8.890E-02	4.445E-03
2.25	150	8.300E-02	4.150E-03
2.25	155	7.770E-02	3.885E-03
2.25	160	7.370E-02	3.685E-03
2.25	165	7.070E-02	3.535E-03
2.25	170	6.870E-02	3.435E-03
2.275	100	1.490E-01	7.450E-03
2.275	105	1.430E-01	7.150E-03
2.275	110	1.380E-01	6.900E-03
2.275	115	1.290E-01	6.450E-03
2.275	120	1.250E-01	6.250E-03
2.275	125	1.170E-01	5.850E-03
2.275	130	1.110E-01	5.550E-03
2.275	135	1.060E-01	5.300E-03
2.275	140	9.780E-02	4.890E-03
2.275	145	9.170E-02	4.585E-03
2.275	150	8.730E-02	4.365E-03
2.275	155	8.250E-02	4.125E-03
2.275	160	7.830E-02	3.915E-03
2.275	165	7.490E-02	3.745E-03
2.275	170	7.010E-02	3.505E-03
2.3	100	1.410E-01	7.050E-03
2.3	105	1.350E-01	6.750E-03
2.3	110	1.310E-01	6.550E-03
2.3	115	1.230E-01	6.150E-03
2.3	120	1.200E-01	6.000E-03
2.3	125	1.120E-01	5.600E-03
2.3	130	1.070E-01	5.350E-03
2.3	135	1.030E-01	5.150E-03
2.3	140	9.420E-02	4.710E-03
2.3	145	8.890E-02	4.445E-03
2.3	150	8.440E-02	4.220E-03
2.3	155	8.010E-02	4.005E-03
2.3	160	7.450E-02	3.725E-03
2.3	165	7.210E-02	3.605E-03
2.3	170	6.910E-02	3.455E-03
2.325	100	1.470E-01	7.350E-03
2.325	105	1.420E-01	7.100E-03
2.325	110	1.380E-01	6.900E-03
2.325	115	1.300E-01	6.500E-03
2.325	120	1.260E-01	6.300E-03
2.325	125	1.180E-01	5.900E-03
2.325	130	1.100E-01	5.500E-03
2.325	135	1.070E-01	5.350E-03
2.325	140	1.000E-01	5.000E-03
2.325	145	9.340E-02	4.670E-03
2.325	150	8.800E-02	4.400E-03
2.325	155	8.320E-02	4.160E-03
2.325	160	7.910E-02	3.955E-03
2.325	165	7.550E-02	3.775E-03
2.325	170	7.270E-02	3.635E-03
2.35	100	1.410E-01	7.050E-03
2.35	105	1.350E-01	6.750E-03
2.35	110	1.310E-01	6.550E-03
2.35	115	1.240E-01	6.200E-03
2.35	120	1.220E-01	6.100E-03
2.35	125	1.140E-01	5.700E-03
2.35	130	1.070E-01	5.350E-03
2.35	135	1.030E-01	5.150E-03
2.35	140	9.600E-02	4.800E-03
2.35	145	8.950E-02	4.475E-03
2.35	150	8.370E-02	4.185E-03
2.35	155	8.010E-02	4.005E-03
2.35	160	7.620E-02	3.810E-03
2.35	165	7.320E-02	3.660E-03
2.35	170	7.040E-02	3.520E-03
2.375	100	1.450E-01	7.250E-03
2.375	105	1.360E-01	6.800E-03
2.375	110	1.350E-01	6.750E-03
2.375	115	1.250E-01	6.250E-03
2.375	120	1.230E-01	6.150E-03
2.375	125	1.150E-01	5.750E-03
2.375	130	1.090E-01	5.450E-03
2.375	135	1.050E-01	5.250E-03
2.375	140	9.820E-02	4.910E-03
2.375	145	9.160E-02	4.580E-03
2.375	150	8.730E-02	4.365E-03
2.375	155	8.220E-02	4.110E-03
2.375	160	7.760E-02	3.880E-03
2.375	165	7.450E-02	3.725E-03
2.375	170	7.210E-02	3.605E-03
2.4	100	1.380E-01	6.900E-03
2.4	105	1.330E-01	6.650E-03
2.4	110	1.300E-01	6.500E-03
2.4	115	1.220E-01	6.100E-03
2.4	120	1.190E-01	5.950E-03
2.4	125	1.110E-01	5.550E-03
2.4	130	1.060E-01	5.300E-03
2.4	135	1.010E-01	5.050E-03
2.4	140	9.570E-02	4.785E-03
2.4	145	8.880E-02	4.440E-03
2.4	150	8.420E-02	4.210E-03
2.4	155	7.940E-02	3.970E-03
2.4	160	7.650E-02	3.825E-03
2.4	165	7.320E-02	3.660E-03
2.4	170	7.090E-02	3.545E-03
2.425	100	1.390E-01	6.950E-03
2.425	105	1.340E-01	6.700E-03
2.425	110	1.320E-01	6.600E-03
2.425	115	1.220E-01	6.100E-03
2.425	120	1.190E-01	5.950E-03
2.425	125	1.140E-01	5.700E-03
2.425	130	1.070E-01	5.350E-03
2.425	135	1.040E-01	5.200E-03
2.425	140	9.680E-02	4.840E-03
2.425	145	9.170E-02	4.585E-03
2.425	150	8.590E-02	4.295E-03
2.425	155	8.220E-02	4.110E-03
2.425	160	7.860E-02	3.930E-03
2.425	165	7.570E-02	3.785E-03
2.425	170	7.250E-02	3.625E-03
2.45	100	1.330E-01	6.650E-03
2.45	105	1.290E-01	6.450E-03
2.45	110	1.260E-01	6.300E-03
2.45	115	1.190E-01	5.950E-03
2.45	120	1.150E-01	5.750E-03
2.45	125	1.100E-01	5.500E-03
2.45	130	1.020E-01	5.100E-03
2.45	135	9.900E-02	4.950E-03
2.45	140	9.360E-02	4.680E-03
2.45	145	8.750E-02	4.375E-03
2.45	150	8.360E-02	4.180E-03
2.45	155	7.950E-02	3.975E-03
2.45	160	7.680E-02	3.840E-03
2.45	165	7.180E-02	3.590E-03
2.45	170	7.060E-02	3.530E-03
2.475	100	1.380E-01	6.900E-03
2.475	105	1.330E-01	6.650E-03
2.475	110	1.330E-01	6.650E-03
2.475	115	1.240E-01	6.200E-03
2.475	120	1.190E-01	5.950E-03
2.475	125	1.150E-01	5.750E-03
2.475	130	1.070E-01	5.350E-03
2.475	135	1.050E-01	5.250E-03
2.475	140	9.750E-02	4.875E-03
2.475	145	9.260E-02	4.630E-03
2.475	150	8.660E-02	4.330E-03
2.475	155	8.260E-02	4.130E-03
2.475	160	7.950E-02	3.975E-03
2.475	165	7.600E-02	3.800E-03
2.475	170	7.420E-02	3.710E-03
2.5	100	1.330E-01	6.650E-03
2.5	105	1.280E-01	6.400E-03
2.5	110	1.270E-01	6.350E-03
2.5	115	1.180E-01	5.900E-03
2.5	120	1.170E-01	5.850E-03
2.5	125	1.100E-01	5.500E-03
2.5	130	1.020E-01	5.100E-03
2.5	135	1.000E-01	5.000E-03
2.5	140	9.450E-02	4.725E-03
2.5	145	8.830E-02	4.415E-03
2.5	150	8.400E-02	4.200E-03
2.5	155	7.980E-02	3.990E-03
2.5	160	7.670E-02	3.835E-03
2.5	165	7.330E-02	3.665E-03
2.5	170	7.050E-02	3.525E-03
2.525	100	1.360E-01	6.800E-03
2.525	105	1.300E-01	6.500E-03
2.525	110	1.270E-01	6.350E-03
2.525	115	1.210E-01	6.050E-03
2.525	120	1.170E-01	5.850E-03
2.525	125	1.120E-01	5.600E-03
2.525	130	1.060E-01	5.300E-03
2.525	135	1.020E-01	5.100E-03
2.525	140	9.670E-02	4.835E-03
2.525	145	9.180E-02	4.590E-03
2.525	150	8.630E-02	4.315E-03
2.525	155	8.110E-02	4.055E-03
2.525	160	7.820E-02	3.910E-03
2.525	165	7.460E-02	3.730E-03
2.525	170	7.260E-02	3.630E-03
2.55	100	1.290E-01	6.450E-03
2.55	105	1.250E-01	6.250E-03
2.55	110	1.230E-01	6.150E-03
2.55	115	1.150E-01	5.750E-03
2.55	120	1.140E-01	5.700E-03
2.55	125	1.070E-01	5.350E-03
2.55	130	1.020E-01	5.100E-03
2.55	135	9.960E-02	4.980E-03
2.55	140	9.280E-02	4.640E-03
2.55	145	8.790E-02	4.395E-03
2.55	150	8.280E-02	4.140E-03
2.55	155	7.980E-02	3.990E-03
2.55	160	7.720E-02	3.860E-03
2.55	165	7.240E-02	3.620E-03
2.55	170	7.050E-02	3.525E-03
2.575	100	1.310E-01	6.550E-03
2.575	105	1.240E-01	6.200E-03
2.575	110	1.210E-01	6.050E-03
2.575	115	1.180E-01	5.900E-03
2.575	120	1.120E-01	5.600E-03
2.575	125	1.060E-01	5.300E-03
2.575	130	1.020E-01	5.100E-03
2.575	135	9.940E-02	4.970E-03
2.575	140	9.410E-02	4.705E-03
2.575	145	8.820E-02	4.410E-03
2.575	150	8.410E-02	4.205E-03
2.575	155	8.410E-02	4.205E-03
2.575	160	7.620E-02	3.810E-03
2.575	165	7.280E-02	3.640E-03
2.575	170	7.080E-02	3.540E-03
2.6	100	1.270E-01	6.350E-03
2.6	105	1.240E-01	6.200E-03
2.6	110	1.220E-01	6.100E-03
2.6	115	1.160E-01	5.800E-03
2.6	120	1.130E-01	5.650E-03
2.6	125	1.070E-01	5.350E-03
2.6	130	1.010E-01	5.050E-03
2.6	135	9.850E-02	4.925E-03
2.6	140	9.320E-02	4.660E-03
2.6	145	8.810E-02	4.405E-03
2.6	150	8.360E-02	4.180E-03
2.6	155	7.900E-02	3.950E-03
2.6	160	7.650E-02	3.825E-03
2.6	165	7.340E-02	3.670E-03
2.6	170	7.010E-02	3.505E-03
2.625	100	1.290E-01	6.450E-03
2.625	105	1.230E-01	6.150E-03
2.625	110	1.250E-01	6.250E-03
2.625	115	1.150E-01	5.750E-03
2.625	120	1.130E-01	5.650E-03
2.625	125	1.090E-01	5.450E-03
2.625	130	1.020E-01	5.100E-03
2.625	135	9.970E-02	4.985E-03
2.625	140	9.410E-02	4.705E-03
2.625	145	8.860E-02	4.430E-03
2.625	150	8.390E-02	4.195E-03
2.625	155	7.960E-02	3.980E-03
2.625	160	7.690E-02	3.845E-03
2.625	165	7.340E-02	3.670E-03
2.625	170	7.190E-02	3.595E-03
2.65	100	1.240E-01	6.200E-03
2.65	105	1.190E-01	5.950E-03
2.65	110	1.190E-01	5.950E-03
2.65	115	1.130E-01	5.650E-03
2.65	120	1.090E-01	5.450E-03
2.65	125	1.050E-01	5.250E-03
2.65	130	9.760E-02	4.880E-03
2.65	135	9.620E-02	4.810E-03
2.65	140	9.060E-02	4.530E-03
2.65	145	8.640E-02	4.320E-03
2.65	150	8.110E-02	4.055E-03
2.65	155	7.740E-02	3.870E-03
2.65	160	7.500E-02	3.750E-03
2.65	165	7.130E-02	3.565E-03
2.65	170	7.000E-02	3.500E-03
2.675	100	1.270E-01	6.350E-03
2.675	105	1.210E-01	6.050E-03
2.675	110	1.200E-01	6.000E-03
2.675	115	1.130E-01	5.650E-03
2.675	120	1.090E-01	5.450E-03
2.675	125	1.060E-01	5.300E-03
2.675	130	9.940E-02	4.970E-03
2.675	135	9.690E-02	4.845E-03
2.675	140	9.230E-02	4.615E-03
2.675	145	8.770E-02	4.385E-03
2.675	150	8.200E-02	4.100E-03
2.675	155	7.890E-02	3.945E-03
2.675	160	7.650E-02	3.825E-03
2.675	165	7.350E-02	3.675E-03
2.675	170	6.990E-02	3.495E-03
2.7	100	1.200E-01	6.000E-03
2.7	105	1.160E-01	5.800E-03
2.7	110	1.160E-01	5.800E-03
2.7	115	1.110E-01	5.550E-03
2.7	120	1.080E-01	5.400E-03
2.7	125	1.030E-01	5.150E-03
2.7	130	9.700E-02	4.850E-03
2.7	135	9.550E-02	4.775E-03
2.7	140	8.890E-02	4.445E-03
2.7	145	8.470E-02	4.235E-03
2.7	150	8.030E-02	4.015E-03
2.7	155	7.700E-02	3.850E-03
2.7	160	7.520E-02	3.760E-03
2.7	165	7.150E-02	3.575E-03
2.7	170	6.830E-02	3.415E-03
2.725	100	1.220E-01	6.100E-03
2.725	105	1.190E-01	5.950E-03
2.725	110	1.190E-01	5.950E-03
2.725	115	1.130E-01	5.650E-03
2.725	120	1.100E-01	5.500E-03
2.725	125	1.050E-01	5.250E-03
2.725	130	9.890E-02	4.945E-03
2.725	135	9.730E-02	4.865E-03
2.725	140	9.260E-02	4.630E-03
2.725	145	8.770E-02	4.385E-03
2.725	150	8.250E-02	4.125E-03
2.725	155	7.900E-02	3.950E-03
2.725	160	7.520E-02	3.760E-03
2.725	165	7.300E-02	3.650E-03
2.725	170	7.040E-02	3.520E-03
2.75	100	1.230E-01	6.150E-03
2.75	105	1.180E-01	5.900E-03
2.75	110	1.160E-01	5.800E-03
2.75	115	1.130E-01	5.650E-03
2.75	120	1.070E-01	5.350E-03
2.75	125	1.040E-01	5.200E-03
2.75	130	9.980E-02	4.990E-03
2.75	135	9.610E-02	4.805E-03
2.75	140	9.060E-02	4.530E-03
2.75	145	8.700E-02	4.350E-03
2.75	150	8.180E-02	4.090E-03
2.75	155	7.850E-02	3.925E-03
2.75	160	7.500E-02	3.750E-03
2.75	165	7.270E-02	3.635E-03
2.75	170	6.970E-02	3.485E-03
2.775	100	1.200E-01	6.000E-03
2.775	105	1.160E-01	5.800E-03
2.775	110	1.170E-01	5.850E-03
2.775	115	1.110E-01	5.550E-03
2.775	120	1.080E-01	5.400E-03
2.775	125	1.030E-01	5.150E-03
2.775	130	9.930E-02	4.965E-03
2.775	135	9.620E-02	4.810E-03
2.775	140	9.190E-02	4.595E-03
2.775	145	8.730E-02	4.365E-03
2.775	150	8.250E-02	4.125E-03
2.775	155	7.990E-02	3.995E-03
2.775	160	7.530E-02	3.765E-03
2.775	165	7.270E-02	3.635E-03
2.775	170	7.110E-02	3.555E-03
2.8	100	1.190E-01	5.950E-03
2.8	105	1.160E-01	5.800E-03
2.8	110	1.160E-01	5.800E-03
2.8	115	1.130E-01	5.650E-03
2.8	120	1.080E-01	5.400E-03
2.8	125	1.020E-01	5.100E-03
2.8	130	1.000E-01	5.000E-03
2.8	135	9.690E-02	4.845E-03
2.8	140	9.130E-02	4.565E-03
2.8	145	8.690E-02	4.345E-03
2.8	150	8.170E-02	4.085E-03
2.8	155	7.880E-02	3.940E-03
2.8	160	7.480E-02	3.740E-03
2.8	165	7.330E-02	3.665E-03
2.8	170	7.070E-02	3.535E-03
2.825	100	1.190E-01	5.950E-03
2.825	105	1.170E-01	5.850E-03
2.825	110	1.170E-01	5.850E-03
2.825	115	1.100E-01	5.500E-03
2.825	120	1.090E-01	5.450E-03
2.825	125	1.030E-01	5.150E-03
2.825	130	9.770E-02	4.885E-03
2.825	135	9.510E-02	4.755E-03
2.825	140	9.030E-02	4.515E-03
2.825	145	8.660E-02	4.330E-03
2.825	150	8.220E-02	4.110E-03
2.825	155	7.850E-02	3.925E-03
2.825	160	7.540E-02	3.770E-03
2.825	165	7.180E-02	3.590E-03
2.825	170	7.110E-02	3.555E-03
2.85	100	1.180E-01	5.900E-03
2.85	105	1.150E-01	5.750E-03
2.85	110	1.140E-01	5.700E-03
2.85	115	1.090E-01	5.450E-03
2.85	120	1.070E-01	5.350E-03
2.85	125	1.020E-01	5.100E-03
2.85	130	9.690E-02	4.845E-03
2.85	135	9.620E-02	4.810E-03
2.85	140	8.990E-02	4.495E-03
2.85	145	8.730E-02	4.365E-03
2.85	150	8.120E-02	4.060E-03
2.85	155	7.860E-02	3.930E-03
2.85	160	7.500E-02	3.750E-03
2.85	165	7.370E-02	3.685E-03
2.85	170	7.120E-02	3.560E-03
2.875	100	1.170E-01	5.850E-03
2.875	105	1.120E-01	5.600E-03
2.875	110	1.110E-01	5.550E-03
2.875	115	1.080E-01	5.400E-03
2.875	120	1.070E-01	5.350E-03
2.875	125	1.010E-01	5.050E-03
2.875	130	9.760E-02	4.880E-03
2.875	135	9.460E-02	4.730E-03
2.875	140	9.040E-02	4.520E-03
2.875	145	8.490E-02	4.245E-03
2.875	150	8.160E-02	4.080E-03
2.875	155	7.770E-02	3.885E-03
2.875	160	7.430E-02	3.715E-03
2.875	165	7.170E-02	3.585E-03
2.875	170	7.040E-02	3.520E-03
2.9	100	1.140E-01	5.700E-03
2.9	105	1.100E-01	5.500E-03
2.9	110	1.110E-01	5.550E-03
2.9	115	1.070E-01	5.350E-03
2.9	120	1.030E-01	5.150E-03
2.9	125	9.980E-02	4.990E-03
2.9	130	9.590E-02	4.795E-03
2.9	135	9.240E-02	4.620E-03
2.9	140	8.830E-02	4.415E-03
2.9	145	8.400E-02	4.200E-03
2.9	150	7.900E-02	3.950E-03
2.9	155	7.620E-02	3.810E-03
2.9	160	7.300E-02	3.650E-03
2.9	165	7.110E-02	3.555E-03
2.9	170	6.940E-02	3.470E-03
2.925	100	1.150E-01	5.750E-03
2.925	105	1.130E-01	5.650E-03
2.925	110	1.100E-01	5.500E-03
2.925	115	1.060E-01	5.300E-03
2.925	120	1.050E-01	5.250E-03
2.925	125	9.930E-02	4.965E-03
2.925	130	9.630E-02	4.815E-03
2.925	135	9.360E-02	4.680E-03
2.925	140	8.960E-02	4.480E-03
2.925	145	8.480E-02	4.240E-03
2.925	150	8.150E-02	4.075E-03
2.925	155	7.710E-02	3.855E-03
2.925	160	7.320E-02	3.660E-03
2.925	165	7.110E-02	3.555E-03
2.925	170	7.000E-02	3.500E-03
2.95	100	1.120E-01	5.600E-03
2.95	105	1.080E-01	5.400E-03
2.95	110	1.090E-01	5.450E-03
2.95	115	1.020E-01	5.100E-03
2.95	120	1.030E-01	5.150E-03
2.95	125	9.770E-02	4.885E-03
2.95	130	9.330E-02	4.665E-03
2.95	135	9.250E-02	4.625E-03
2.95	140	8.780E-02	4.390E-03
2.95	145	8.310E-02	4.155E-03
2.95	150	7.930E-02	3.965E-03
2.95	155	7.650E-02	3.825E-03
2.95	160	7.280E-02	3.640E-03
2.95	165	6.900E-02	3.450E-03
2.95	170	6.870E-02	3.435E-03
2.975	100	1.130E-01	5.650E-03
2.975	105	1.100E-01	5.500E-03
2.975	110	1.110E-01	5.550E-03
2.975	115	1.040E-01	5.200E-03
2.975	120	1.040E-01	5.200E-03
2.975	125	1.020E-01	5.100E-03
2.975	130	9.580E-02	4.790E-03
2.975	135	9.480E-02	4.740E-03
2.975	140	8.840E-02	4.420E-03
2.975	145	8.450E-02	4.225E-03
2.975	150	8.070E-02	4.035E-03
2.975	155	7.590E-02	3.795E-03
2.975	160	7.430E-02	3.715E-03
2.975	165	7.260E-02	3.630E-03
2.975	170	6.950E-02	3.475E-03
3	100	1.100E-01	5.500E-03
3	105	1.080E-01	5.400E-03
3	110	1.070E-01	5.350E-03
3	115	1.050E-01	5.250E-03
3	120	1.030E-01	5.150E-03
3	125	9.710E-02	4.855E-03
3	130	9.200E-02	4.600E-03
3	135	9.130E-02	4.565E-03
3	140	8.750E-02	4.375E-03
3	145	8.190E-02	4.095E-03
3	150	7.880E-02	3.940E-03
3	155	7.600E-02	3.800E-03
3	160	7.150E-02	3.575E-03
3	165	7.010E-02	3.505E-03
3	170	6.760E-02	3.380E-03

