0.331	100	1.280E+00	6.40E-02
0.338	100	1.000E+00	5.00E-02
0.341	100	1.170E+00	5.85E-02
0.351	100	1.090E+00	5.45E-02
0.361	100	9.950E-01	4.98E-02
0.371	100	8.770E-01	4.39E-02
0.382	100	8.670E-01	4.34E-02
0.392	100	7.690E-01	3.85E-02
0.402	100	6.600E-01	3.30E-02
0.412	100	5.660E-01	2.83E-02
0.422	100	4.480E-01	2.24E-02
0.432	100	3.010E-01	1.51E-02
0.442	100	1.470E-01	7.35E-03
0.452	100	1.540E-01	7.70E-03
0.462	100	5.020E-01	2.51E-02
0.472	100	8.420E-01	4.21E-02
0.482	100	9.170E-01	4.59E-02
0.493	100	9.020E-01	4.51E-02
0.503	100	8.680E-01	4.34E-02
0.513	100	8.110E-01	4.06E-02
0.523	100	7.720E-01	3.86E-02
0.533	100	7.330E-01	3.67E-02
0.590	100	6.670E-01	3.34E-02
0.691	100	4.560E-01	2.28E-02
0.742	100	4.080E-01	2.04E-02
0.792	100	3.710E-01	1.86E-02
0.843	100	3.370E-01	1.69E-02
0.893	100	3.140E-01	1.57E-02
0.944	100	2.990E-01	1.50E-02
0.994	100	2.810E-01	1.41E-02
1.044	100	2.580E-01	1.29E-02
1.095	100	2.460E-01	1.23E-02
1.145	100	2.340E-01	1.17E-02
1.196	100	2.270E-01	1.14E-02
1.246	100	2.110E-01	1.06E-02
1.297	100	2.100E-01	1.05E-02
1.347	100	1.990E-01	9.95E-03
1.398	100	1.820E-01	9.10E-03
1.448	100	1.710E-01	8.55E-03
1.498	100	1.660E-01	8.30E-03
1.549	100	1.570E-01	7.85E-03
1.559	100	1.530E-01	7.65E-03
1.569	100	1.540E-01	7.70E-03
1.579	100	1.480E-01	7.40E-03
1.589	100	1.480E-01	7.40E-03
1.599	100	1.410E-01	7.05E-03
1.609	100	1.390E-01	6.95E-03
1.620	100	1.350E-01	6.75E-03
1.625	100	1.380E-01	6.90E-03
1.630	100	1.300E-01	6.50E-03
1.640	100	1.280E-01	6.40E-03
1.650	100	1.210E-01	6.05E-03
1.660	100	1.090E-01	5.45E-03
1.670	100	1.010E-01	5.05E-03
1.675	100	1.030E-01	5.15E-03
1.680	100	8.630E-02	4.32E-03
1.690	100	6.950E-02	3.48E-03
1.700	100	5.050E-02	2.53E-03
1.710	100	3.480E-02	1.74E-03
1.720	100	4.240E-02	2.12E-03
1.726	100	6.450E-02	3.23E-03
1.731	100	8.420E-02	4.21E-03
1.736	100	1.160E-01	5.80E-03
1.741	100	1.500E-01	7.50E-03
1.751	100	2.160E-01	1.08E-02
1.761	100	2.430E-01	1.22E-02
1.771	100	2.560E-01	1.28E-02
1.776	100	2.600E-01	1.30E-02
1.781	100	2.500E-01	1.25E-02
1.791	100	2.360E-01	1.18E-02
1.801	100	2.340E-01	1.17E-02
1.811	100	2.210E-01	1.11E-02
1.821	100	2.120E-01	1.06E-02
1.826	100	2.260E-01	1.13E-02
1.831	100	2.110E-01	1.06E-02
1.842	100	2.040E-01	1.02E-02
1.852	100	2.030E-01	1.02E-02
1.877	100	2.030E-01	1.02E-02
1.902	100	1.860E-01	9.30E-03
1.927	100	1.880E-01	9.40E-03
1.953	100	1.760E-01	8.80E-03
1.978	100	1.800E-01	9.00E-03
2.003	100	1.690E-01	8.45E-03
2.028	100	1.730E-01	8.65E-03
2.053	100	1.600E-01	8.00E-03
2.079	100	1.640E-01	8.20E-03
2.104	100	1.550E-01	7.75E-03
2.129	100	1.610E-01	8.05E-03
2.154	100	1.530E-01	7.65E-03
2.180	100	1.550E-01	7.75E-03
2.205	100	1.520E-01	7.60E-03
2.230	100	1.490E-01	7.45E-03
2.255	100	1.430E-01	7.15E-03
2.280	100	1.490E-01	7.45E-03
2.306	100	1.410E-01	7.05E-03
2.331	100	1.470E-01	7.35E-03
2.356	100	1.410E-01	7.05E-03
2.381	100	1.450E-01	7.25E-03
2.407	100	1.380E-01	6.90E-03
2.432	100	1.390E-01	6.95E-03
2.457	100	1.330E-01	6.65E-03
2.482	100	1.380E-01	6.90E-03
2.507	100	1.330E-01	6.65E-03
2.533	100	1.360E-01	6.80E-03
2.558	100	1.290E-01	6.45E-03
2.583	100	1.310E-01	6.55E-03
2.608	100	1.270E-01	6.35E-03
2.634	100	1.290E-01	6.45E-03
2.659	100	1.240E-01	6.20E-03
2.684	100	1.270E-01	6.35E-03
2.709	100	1.200E-01	6.00E-03
2.734	100	1.220E-01	6.10E-03
2.760	100	1.230E-01	6.15E-03
2.785	100	1.200E-01	6.00E-03
2.810	100	1.190E-01	5.95E-03
2.835	100	1.190E-01	5.95E-03
2.861	100	1.180E-01	5.90E-03
2.886	100	1.170E-01	5.85E-03
2.911	100	1.140E-01	5.70E-03
2.936	100	1.150E-01	5.75E-03
2.962	100	1.120E-01	5.60E-03
2.987	100	1.130E-01	5.65E-03
3.012	100	1.100E-01	5.50E-03
0.331	105	1.090E+00	5.45E-02
0.338	105	8.780E-01	4.39E-02
0.341	105	1.020E+00	5.10E-02
0.351	105	9.490E-01	4.75E-02
0.361	105	8.420E-01	4.21E-02
0.371	105	7.520E-01	3.76E-02
0.382	105	7.400E-01	3.70E-02
0.392	105	6.410E-01	3.21E-02
0.402	105	5.610E-01	2.81E-02
0.412	105	4.660E-01	2.33E-02
0.422	105	3.580E-01	1.79E-02
0.432	105	2.360E-01	1.18E-02
0.442	105	1.200E-01	6.00E-03
0.452	105	1.720E-01	8.60E-03
0.462	105	5.410E-01	2.71E-02
0.472	105	8.390E-01	4.20E-02
0.482	105	8.980E-01	4.49E-02
0.493	105	8.580E-01	4.29E-02
0.503	105	7.960E-01	3.98E-02
0.513	105	7.470E-01	3.74E-02
0.523	105	7.110E-01	3.56E-02
0.533	105	6.780E-01	3.39E-02
0.590	105	6.030E-01	3.02E-02
0.691	105	4.150E-01	2.08E-02
0.742	105	3.800E-01	1.90E-02
0.792	105	3.420E-01	1.71E-02
0.843	105	3.110E-01	1.56E-02
0.893	105	2.890E-01	1.45E-02
0.944	105	2.700E-01	1.35E-02
0.994	105	2.600E-01	1.30E-02
1.044	105	2.430E-01	1.22E-02
1.095	105	2.310E-01	1.16E-02
1.145	105	2.190E-01	1.10E-02
1.196	105	2.080E-01	1.04E-02
1.246	105	2.000E-01	1.00E-02
1.297	105	1.930E-01	9.65E-03
1.347	105	1.840E-01	9.20E-03
1.398	105	1.750E-01	8.75E-03
1.448	105	1.630E-01	8.15E-03
1.498	105	1.600E-01	8.00E-03
1.549	105	1.490E-01	7.45E-03
1.559	105	1.430E-01	7.15E-03
1.569	105	1.420E-01	7.10E-03
1.579	105	1.390E-01	6.95E-03
1.589	105	1.380E-01	6.90E-03
1.599	105	1.340E-01	6.70E-03
1.609	105	1.320E-01	6.60E-03
1.620	105	1.260E-01	6.30E-03
1.625	105	1.290E-01	6.45E-03
1.630	105	1.190E-01	5.95E-03
1.640	105	1.130E-01	5.65E-03
1.650	105	1.070E-01	5.35E-03
1.660	105	9.560E-02	4.78E-03
1.670	105	7.990E-02	4.00E-03
1.675	105	7.890E-02	3.95E-03
1.680	105	6.170E-02	3.09E-03
1.690	105	4.620E-02	2.31E-03
1.700	105	3.570E-02	1.79E-03
1.710	105	3.530E-02	1.77E-03
1.720	105	5.360E-02	2.68E-03
1.726	105	8.140E-02	4.07E-03
1.731	105	1.020E-01	5.10E-03
1.736	105	1.310E-01	6.55E-03
1.741	105	1.600E-01	8.00E-03
1.751	105	2.170E-01	1.09E-02
1.761	105	2.330E-01	1.17E-02
1.771	105	2.360E-01	1.18E-02
1.776	105	2.510E-01	1.26E-02
1.781	105	2.290E-01	1.15E-02
1.791	105	2.150E-01	1.08E-02
1.801	105	2.180E-01	1.09E-02
1.811	105	2.040E-01	1.02E-02
1.821	105	1.970E-01	9.85E-03
1.826	105	2.080E-01	1.04E-02
1.831	105	1.960E-01	9.80E-03
1.842	105	1.910E-01	9.55E-03
1.852	105	1.900E-01	9.50E-03
1.877	105	1.910E-01	9.55E-03
1.902	105	1.790E-01	8.95E-03
1.927	105	1.770E-01	8.85E-03
1.953	105	1.640E-01	8.20E-03
1.978	105	1.670E-01	8.35E-03
2.003	105	1.600E-01	8.00E-03
2.028	105	1.600E-01	8.00E-03
2.053	105	1.540E-01	7.70E-03
2.079	105	1.570E-01	7.85E-03
2.104	105	1.500E-01	7.50E-03
2.129	105	1.520E-01	7.60E-03
2.154	105	1.490E-01	7.45E-03
2.180	105	1.480E-01	7.40E-03
2.205	105	1.420E-01	7.10E-03
2.230	105	1.430E-01	7.15E-03
2.255	105	1.380E-01	6.90E-03
2.280	105	1.430E-01	7.15E-03
2.306	105	1.350E-01	6.75E-03
2.331	105	1.420E-01	7.10E-03
2.356	105	1.350E-01	6.75E-03
2.381	105	1.360E-01	6.80E-03
2.407	105	1.330E-01	6.65E-03
2.432	105	1.340E-01	6.70E-03
2.457	105	1.290E-01	6.45E-03
2.482	105	1.330E-01	6.65E-03
2.507	105	1.280E-01	6.40E-03
2.533	105	1.300E-01	6.50E-03
2.558	105	1.250E-01	6.25E-03
2.583	105	1.240E-01	6.20E-03
2.608	105	1.240E-01	6.20E-03
2.634	105	1.230E-01	6.15E-03
2.659	105	1.190E-01	5.95E-03
2.684	105	1.210E-01	6.05E-03
2.709	105	1.160E-01	5.80E-03
2.734	105	1.190E-01	5.95E-03
2.760	105	1.180E-01	5.90E-03
2.785	105	1.160E-01	5.80E-03
2.810	105	1.160E-01	5.80E-03
2.835	105	1.170E-01	5.85E-03
2.861	105	1.150E-01	5.75E-03
2.886	105	1.120E-01	5.60E-03
2.911	105	1.100E-01	5.50E-03
2.936	105	1.130E-01	5.65E-03
2.962	105	1.080E-01	5.40E-03
2.987	105	1.100E-01	5.50E-03
3.012	105	1.080E-01	5.40E-03
0.331	110	9.650E-01	4.83E-02
0.338	110	8.880E-01	4.44E-02
0.341	110	8.850E-01	4.43E-02
0.351	110	8.190E-01	4.10E-02
0.361	110	7.340E-01	3.67E-02
0.371	110	6.520E-01	3.26E-02
0.382	110	6.320E-01	3.16E-02
0.392	110	5.440E-01	2.72E-02
0.402	110	4.760E-01	2.38E-02
0.412	110	3.940E-01	1.97E-02
0.422	110	2.990E-01	1.50E-02
0.432	110	1.880E-01	9.40E-03
0.442	110	1.020E-01	5.10E-03
0.452	110	1.820E-01	9.10E-03
0.462	110	5.610E-01	2.81E-02
0.472	110	8.330E-01	4.17E-02
0.482	110	8.740E-01	4.37E-02
0.493	110	8.150E-01	4.08E-02
0.503	110	7.730E-01	3.87E-02
0.513	110	7.110E-01	3.56E-02
0.523	110	6.620E-01	3.31E-02
0.533	110	6.360E-01	3.18E-02
0.590	110	5.760E-01	2.88E-02
0.691	110	4.040E-01	2.02E-02
0.742	110	3.650E-01	1.83E-02
0.792	110	3.240E-01	1.62E-02
0.843	110	3.000E-01	1.50E-02
0.893	110	2.770E-01	1.39E-02
0.944	110	2.630E-01	1.32E-02
0.994	110	2.490E-01	1.25E-02
1.044	110	2.330E-01	1.17E-02
1.095	110	2.240E-01	1.12E-02
1.145	110	2.130E-01	1.07E-02
1.196	110	2.020E-01	1.01E-02
1.246	110	1.960E-01	9.80E-03
1.297	110	1.890E-01	9.45E-03
1.347	110	1.810E-01	9.05E-03
1.398	110	1.710E-01	8.55E-03
1.448	110	1.620E-01	8.10E-03
1.498	110	1.560E-01	7.80E-03
1.549	110	1.470E-01	7.35E-03
1.559	110	1.440E-01	7.20E-03
1.569	110	1.410E-01	7.05E-03
1.579	110	1.380E-01	6.90E-03
1.589	110	1.370E-01	6.85E-03
1.599	110	1.360E-01	6.80E-03
1.609	110	1.300E-01	6.50E-03
1.620	110	1.260E-01	6.30E-03
1.625	110	1.280E-01	6.40E-03
1.630	110	1.180E-01	5.90E-03
1.640	110	1.100E-01	5.50E-03
1.650	110	1.030E-01	5.15E-03
1.660	110	8.650E-02	4.33E-03
1.670	110	6.760E-02	3.38E-03
1.675	110	6.270E-02	3.14E-03
1.680	110	4.640E-02	2.32E-03
1.690	110	3.200E-02	1.60E-03
1.700	110	3.250E-02	1.63E-03
1.710	110	4.730E-02	2.37E-03
1.720	110	7.750E-02	3.88E-03
1.726	110	1.070E-01	5.35E-03
1.731	110	1.260E-01	6.30E-03
1.736	110	1.510E-01	7.55E-03
1.741	110	1.820E-01	9.10E-03
1.751	110	2.190E-01	1.10E-02
1.761	110	2.270E-01	1.14E-02
1.771	110	2.270E-01	1.14E-02
1.776	110	2.390E-01	1.20E-02
1.781	110	2.180E-01	1.09E-02
1.791	110	2.020E-01	1.01E-02
1.801	110	2.050E-01	1.03E-02
1.811	110	1.920E-01	9.60E-03
1.821	110	1.850E-01	9.25E-03
1.826	110	1.990E-01	9.95E-03
1.831	110	1.860E-01	9.30E-03
1.842	110	1.780E-01	8.90E-03
1.852	110	1.800E-01	9.00E-03
1.877	110	1.800E-01	9.00E-03
1.902	110	1.720E-01	8.60E-03
1.927	110	1.690E-01	8.45E-03
1.953	110	1.570E-01	7.85E-03
1.978	110	1.620E-01	8.10E-03
2.003	110	1.570E-01	7.85E-03
2.028	110	1.560E-01	7.80E-03
2.053	110	1.480E-01	7.40E-03
2.079	110	1.500E-01	7.50E-03
2.104	110	1.450E-01	7.25E-03
2.129	110	1.470E-01	7.35E-03
2.154	110	1.440E-01	7.20E-03
2.180	110	1.440E-01	7.20E-03
2.205	110	1.410E-01	7.05E-03
2.230	110	1.420E-01	7.10E-03
2.255	110	1.330E-01	6.65E-03
2.280	110	1.380E-01	6.90E-03
2.306	110	1.310E-01	6.55E-03
2.331	110	1.380E-01	6.90E-03
2.356	110	1.310E-01	6.55E-03
2.381	110	1.350E-01	6.75E-03
2.407	110	1.300E-01	6.50E-03
2.432	110	1.320E-01	6.60E-03
2.457	110	1.260E-01	6.30E-03
2.482	110	1.330E-01	6.65E-03
2.507	110	1.270E-01	6.35E-03
2.533	110	1.270E-01	6.35E-03
2.558	110	1.230E-01	6.15E-03
2.583	110	1.210E-01	6.05E-03
2.608	110	1.220E-01	6.10E-03
2.634	110	1.250E-01	6.25E-03
2.659	110	1.190E-01	5.95E-03
2.684	110	1.200E-01	6.00E-03
2.709	110	1.160E-01	5.80E-03
2.734	110	1.190E-01	5.95E-03
2.760	110	1.160E-01	5.80E-03
2.785	110	1.170E-01	5.85E-03
2.810	110	1.160E-01	5.80E-03
2.835	110	1.170E-01	5.85E-03
2.861	110	1.140E-01	5.70E-03
2.886	110	1.110E-01	5.55E-03
2.911	110	1.110E-01	5.55E-03
2.936	110	1.100E-01	5.50E-03
2.962	110	1.090E-01	5.45E-03
2.987	110	1.110E-01	5.55E-03
3.012	110	1.070E-01	5.35E-03
0.331	115	8.380E-01	4.19E-02
0.338	115	7.190E-01	3.60E-02
0.341	115	7.700E-01	3.85E-02
0.351	115	7.130E-01	3.57E-02
0.361	115	6.400E-01	3.20E-02
0.371	115	5.680E-01	2.84E-02
0.382	115	5.530E-01	2.77E-02
0.392	115	4.720E-01	2.36E-02
0.402	115	4.050E-01	2.03E-02
0.412	115	3.290E-01	1.65E-02
0.422	115	2.450E-01	1.23E-02
0.432	115	1.510E-01	7.55E-03
0.442	115	8.640E-02	4.32E-03
0.452	115	2.010E-01	1.01E-02
0.462	115	5.780E-01	2.89E-02
0.472	115	8.240E-01	4.12E-02
0.482	115	8.300E-01	4.15E-02
0.493	115	7.790E-01	3.90E-02
0.503	115	7.270E-01	3.64E-02
0.513	115	6.830E-01	3.42E-02
0.523	115	6.140E-01	3.07E-02
0.533	115	5.900E-01	2.95E-02
0.590	115	5.210E-01	2.61E-02
0.691	115	3.710E-01	1.86E-02
0.742	115	3.270E-01	1.64E-02
0.792	115	3.020E-01	1.51E-02
0.843	115	2.710E-01	1.36E-02
0.893	115	2.530E-01	1.27E-02
0.944	115	2.460E-01	1.23E-02
0.994	115	2.300E-01	1.15E-02
1.044	115	2.160E-01	1.08E-02
1.095	115	2.110E-01	1.06E-02
1.145	115	2.000E-01	1.00E-02
1.196	115	1.910E-01	9.55E-03
1.246	115	1.850E-01	9.25E-03
1.297	115	1.790E-01	8.95E-03
1.347	115	1.740E-01	8.70E-03
1.398	115	1.610E-01	8.05E-03
1.448	115	1.540E-01	7.70E-03
1.498	115	1.480E-01	7.40E-03
1.549	115	1.420E-01	7.10E-03
1.559	115	1.400E-01	7.00E-03
1.569	115	1.390E-01	6.95E-03
1.579	115	1.360E-01	6.80E-03
1.589	115	1.330E-01	6.65E-03
1.599	115	1.290E-01	6.45E-03
1.609	115	1.230E-01	6.15E-03
1.620	115	1.210E-01	6.05E-03
1.625	115	1.230E-01	6.15E-03
1.630	115	1.150E-01	5.75E-03
1.640	115	1.060E-01	5.30E-03
1.650	115	9.480E-02	4.74E-03
1.660	115	7.820E-02	3.91E-03
1.670	115	5.670E-02	2.84E-03
1.675	115	4.740E-02	2.37E-03
1.680	115	3.300E-02	1.65E-03
1.690	115	2.260E-02	1.13E-03
1.700	115	3.330E-02	1.67E-03
1.710	115	6.280E-02	3.14E-03
1.720	115	1.060E-01	5.30E-03
1.726	115	1.380E-01	6.90E-03
1.731	115	1.550E-01	7.75E-03
1.736	115	1.780E-01	8.90E-03
1.741	115	1.960E-01	9.80E-03
1.751	115	2.190E-01	1.10E-02
1.761	115	2.140E-01	1.07E-02
1.771	115	2.090E-01	1.05E-02
1.776	115	2.130E-01	1.07E-02
1.781	115	1.950E-01	9.75E-03
1.791	115	1.810E-01	9.05E-03
1.801	115	1.820E-01	9.10E-03
1.811	115	1.710E-01	8.55E-03
1.821	115	1.660E-01	8.30E-03
1.826	115	1.760E-01	8.80E-03
1.831	115	1.650E-01	8.25E-03
1.842	115	1.640E-01	8.20E-03
1.852	115	1.620E-01	8.10E-03
1.877	115	1.630E-01	8.15E-03
1.902	115	1.550E-01	7.75E-03
1.927	115	1.540E-01	7.70E-03
1.953	115	1.450E-01	7.25E-03
1.978	115	1.520E-01	7.60E-03
2.003	115	1.440E-01	7.20E-03
2.028	115	1.430E-01	7.15E-03
2.053	115	1.360E-01	6.80E-03
2.079	115	1.410E-01	7.05E-03
2.104	115	1.360E-01	6.80E-03
2.129	115	1.400E-01	7.00E-03
2.154	115	1.320E-01	6.60E-03
2.180	115	1.350E-01	6.75E-03
2.205	115	1.330E-01	6.65E-03
2.230	115	1.320E-01	6.60E-03
2.255	115	1.260E-01	6.30E-03
2.280	115	1.290E-01	6.45E-03
2.306	115	1.230E-01	6.15E-03
2.331	115	1.300E-01	6.50E-03
2.356	115	1.240E-01	6.20E-03
2.381	115	1.250E-01	6.25E-03
2.407	115	1.220E-01	6.10E-03
2.432	115	1.220E-01	6.10E-03
2.457	115	1.190E-01	5.95E-03
2.482	115	1.240E-01	6.20E-03
2.507	115	1.180E-01	5.90E-03
2.533	115	1.210E-01	6.05E-03
2.558	115	1.150E-01	5.75E-03
2.583	115	1.180E-01	5.90E-03
2.608	115	1.160E-01	5.80E-03
2.634	115	1.150E-01	5.75E-03
2.659	115	1.130E-01	5.65E-03
2.684	115	1.130E-01	5.65E-03
2.709	115	1.110E-01	5.55E-03
2.734	115	1.130E-01	5.65E-03
2.760	115	1.130E-01	5.65E-03
2.785	115	1.110E-01	5.55E-03
2.810	115	1.130E-01	5.65E-03
2.835	115	1.100E-01	5.50E-03
2.861	115	1.090E-01	5.45E-03
2.886	115	1.080E-01	5.40E-03
2.911	115	1.070E-01	5.35E-03
2.936	115	1.060E-01	5.30E-03
2.962	115	1.020E-01	5.10E-03
2.987	115	1.040E-01	5.20E-03
3.012	115	1.050E-01	5.25E-03
0.331	120	7.640E-01	3.82E-02
0.338	120	7.130E-01	3.57E-02
0.341	120	7.090E-01	3.55E-02
0.351	120	6.410E-01	3.21E-02
0.361	120	5.730E-01	2.87E-02
0.371	120	5.070E-01	2.54E-02
0.382	120	4.970E-01	2.49E-02
0.392	120	4.180E-01	2.09E-02
0.402	120	3.540E-01	1.77E-02
0.412	120	2.860E-01	1.43E-02
0.422	120	2.120E-01	1.06E-02
0.432	120	1.280E-01	6.40E-03
0.442	120	8.230E-02	4.12E-03
0.452	120	2.220E-01	1.11E-02
0.462	120	6.040E-01	3.02E-02
0.472	120	8.300E-01	4.15E-02
0.482	120	8.190E-01	4.10E-02
0.493	120	7.660E-01	3.83E-02
0.503	120	6.950E-01	3.48E-02
0.513	120	6.440E-01	3.22E-02
0.523	120	5.890E-01	2.95E-02
0.533	120	5.620E-01	2.81E-02
0.590	120	4.960E-01	2.48E-02
0.691	120	3.460E-01	1.73E-02
0.742	120	3.220E-01	1.61E-02
0.792	120	2.940E-01	1.47E-02
0.843	120	2.640E-01	1.32E-02
0.893	120	2.440E-01	1.22E-02
0.944	120	2.360E-01	1.18E-02
0.994	120	2.240E-01	1.12E-02
1.044	120	2.120E-01	1.06E-02
1.095	120	2.020E-01	1.01E-02
1.145	120	1.910E-01	9.55E-03
1.196	120	1.860E-01	9.30E-03
1.246	120	1.780E-01	8.90E-03
1.297	120	1.750E-01	8.75E-03
1.347	120	1.710E-01	8.55E-03
1.398	120	1.610E-01	8.05E-03
1.448	120	1.550E-01	7.75E-03
1.498	120	1.510E-01	7.55E-03
1.549	120	1.450E-01	7.25E-03
1.559	120	1.420E-01	7.10E-03
1.569	120	1.390E-01	6.95E-03
1.579	120	1.370E-01	6.85E-03
1.589	120	1.350E-01	6.75E-03
1.599	120	1.330E-01	6.65E-03
1.609	120	1.280E-01	6.40E-03
1.620	120	1.230E-01	6.15E-03
1.625	120	1.260E-01	6.30E-03
1.630	120	1.160E-01	5.80E-03
1.640	120	1.060E-01	5.30E-03
1.650	120	9.430E-02	4.72E-03
1.660	120	7.530E-02	3.77E-03
1.670	120	5.000E-02	2.50E-03
1.675	120	3.990E-02	2.00E-03
1.680	120	2.450E-02	1.23E-03
1.690	120	1.790E-02	8.95E-04
1.700	120	4.130E-02	2.07E-03
1.710	120	8.620E-02	4.31E-03
1.720	120	1.460E-01	7.30E-03
1.726	120	1.840E-01	9.20E-03
1.731	120	1.970E-01	9.85E-03
1.736	120	2.130E-01	1.07E-02
1.741	120	2.260E-01	1.13E-02
1.751	120	2.270E-01	1.14E-02
1.761	120	2.030E-01	1.02E-02
1.771	120	1.930E-01	9.65E-03
1.776	120	1.980E-01	9.90E-03
1.781	120	1.780E-01	8.90E-03
1.791	120	1.650E-01	8.25E-03
1.801	120	1.650E-01	8.25E-03
1.811	120	1.560E-01	7.80E-03
1.821	120	1.520E-01	7.60E-03
1.826	120	1.600E-01	8.00E-03
1.831	120	1.510E-01	7.55E-03
1.842	120	1.470E-01	7.35E-03
1.852	120	1.470E-01	7.35E-03
1.877	120	1.520E-01	7.60E-03
1.902	120	1.440E-01	7.20E-03
1.927	120	1.430E-01	7.15E-03
1.953	120	1.340E-01	6.70E-03
1.978	120	1.420E-01	7.10E-03
2.003	120	1.340E-01	6.70E-03
2.028	120	1.350E-01	6.75E-03
2.053	120	1.320E-01	6.60E-03
2.079	120	1.350E-01	6.75E-03
2.104	120	1.300E-01	6.50E-03
2.129	120	1.320E-01	6.60E-03
2.154	120	1.270E-01	6.35E-03
2.180	120	1.260E-01	6.30E-03
2.205	120	1.270E-01	6.35E-03
2.230	120	1.270E-01	6.35E-03
2.255	120	1.200E-01	6.00E-03
2.280	120	1.250E-01	6.25E-03
2.306	120	1.200E-01	6.00E-03
2.331	120	1.260E-01	6.30E-03
2.356	120	1.220E-01	6.10E-03
2.381	120	1.230E-01	6.15E-03
2.407	120	1.190E-01	5.95E-03
2.432	120	1.190E-01	5.95E-03
2.457	120	1.150E-01	5.75E-03
2.482	120	1.190E-01	5.95E-03
2.507	120	1.170E-01	5.85E-03
2.533	120	1.170E-01	5.85E-03
2.558	120	1.140E-01	5.70E-03
2.583	120	1.120E-01	5.60E-03
2.608	120	1.130E-01	5.65E-03
2.634	120	1.130E-01	5.65E-03
2.659	120	1.090E-01	5.45E-03
2.684	120	1.090E-01	5.45E-03
2.709	120	1.080E-01	5.40E-03
2.734	120	1.100E-01	5.50E-03
2.760	120	1.070E-01	5.35E-03
2.785	120	1.080E-01	5.40E-03
2.810	120	1.080E-01	5.40E-03
2.835	120	1.090E-01	5.45E-03
2.861	120	1.070E-01	5.35E-03
2.886	120	1.070E-01	5.35E-03
2.911	120	1.030E-01	5.15E-03
2.936	120	1.050E-01	5.25E-03
2.962	120	1.030E-01	5.15E-03
2.987	120	1.040E-01	5.20E-03
3.012	120	1.030E-01	5.15E-03
0.331	125	6.810E-01	3.41E-02
0.338	125	6.310E-01	3.16E-02
0.341	125	6.360E-01	3.18E-02
0.351	125	5.780E-01	2.89E-02
0.361	125	5.240E-01	2.62E-02
0.371	125	4.500E-01	2.25E-02
0.382	125	4.430E-01	2.22E-02
0.392	125	3.710E-01	1.86E-02
0.402	125	3.150E-01	1.58E-02
0.412	125	2.510E-01	1.26E-02
0.422	125	1.820E-01	9.10E-03
0.432	125	1.120E-01	5.60E-03
0.442	125	8.390E-02	4.20E-03
0.452	125	2.380E-01	1.19E-02
0.462	125	6.170E-01	3.09E-02
0.472	125	8.200E-01	4.10E-02
0.482	125	7.950E-01	3.98E-02
0.493	125	7.230E-01	3.62E-02
0.503	125	6.650E-01	3.33E-02
0.513	125	6.100E-01	3.05E-02
0.523	125	5.710E-01	2.86E-02
0.533	125	5.340E-01	2.67E-02
0.590	125	4.650E-01	2.33E-02
0.691	125	3.340E-01	1.67E-02
0.742	125	2.960E-01	1.48E-02
0.792	125	2.710E-01	1.36E-02
0.843	125	2.490E-01	1.25E-02
0.893	125	2.340E-01	1.17E-02
0.944	125	2.240E-01	1.12E-02
0.994	125	2.110E-01	1.06E-02
1.044	125	2.020E-01	1.01E-02
1.095	125	1.930E-01	9.65E-03
1.145	125	1.820E-01	9.10E-03
1.196	125	1.800E-01	9.00E-03
1.246	125	1.740E-01	8.70E-03
1.297	125	1.680E-01	8.40E-03
1.347	125	1.640E-01	8.20E-03
1.398	125	1.580E-01	7.90E-03
1.448	125	1.500E-01	7.50E-03
1.498	125	1.480E-01	7.40E-03
1.549	125	1.430E-01	7.15E-03
1.559	125	1.420E-01	7.10E-03
1.569	125	1.390E-01	6.95E-03
1.579	125	1.380E-01	6.90E-03
1.589	125	1.360E-01	6.80E-03
1.599	125	1.350E-01	6.75E-03
1.609	125	1.300E-01	6.50E-03
1.620	125	1.250E-01	6.25E-03
1.625	125	1.240E-01	6.20E-03
1.630	125	1.170E-01	5.85E-03
1.640	125	1.060E-01	5.30E-03
1.650	125	9.300E-02	4.65E-03
1.660	125	7.230E-02	3.62E-03
1.670	125	4.400E-02	2.20E-03
1.675	125	3.160E-02	1.58E-03
1.680	125	1.840E-02	9.20E-04
1.690	125	1.690E-02	8.45E-04
1.700	125	5.280E-02	2.64E-03
1.710	125	1.150E-01	5.75E-03
1.720	125	1.910E-01	9.55E-03
1.726	125	2.330E-01	1.17E-02
1.731	125	2.440E-01	1.22E-02
1.736	125	2.510E-01	1.26E-02
1.741	125	2.550E-01	1.28E-02
1.751	125	2.420E-01	1.21E-02
1.761	125	2.020E-01	1.01E-02
1.771	125	1.770E-01	8.85E-03
1.776	125	1.750E-01	8.75E-03
1.781	125	1.590E-01	7.95E-03
1.791	125	1.450E-01	7.25E-03
1.801	125	1.450E-01	7.25E-03
1.811	125	1.380E-01	6.90E-03
1.821	125	1.330E-01	6.65E-03
1.826	125	1.420E-01	7.10E-03
1.831	125	1.320E-01	6.60E-03
1.842	125	1.320E-01	6.60E-03
1.852	125	1.310E-01	6.55E-03
1.877	125	1.340E-01	6.70E-03
1.902	125	1.290E-01	6.45E-03
1.927	125	1.330E-01	6.65E-03
1.953	125	1.250E-01	6.25E-03
1.978	125	1.310E-01	6.55E-03
2.003	125	1.270E-01	6.35E-03
2.028	125	1.240E-01	6.20E-03
2.053	125	1.200E-01	6.00E-03
2.079	125	1.250E-01	6.25E-03
2.104	125	1.200E-01	6.00E-03
2.129	125	1.230E-01	6.15E-03
2.154	125	1.180E-01	5.90E-03
2.180	125	1.220E-01	6.10E-03
2.205	125	1.170E-01	5.85E-03
2.230	125	1.170E-01	5.85E-03
2.255	125	1.130E-01	5.65E-03
2.280	125	1.170E-01	5.85E-03
2.306	125	1.120E-01	5.60E-03
2.331	125	1.180E-01	5.90E-03
2.356	125	1.140E-01	5.70E-03
2.381	125	1.150E-01	5.75E-03
2.407	125	1.110E-01	5.55E-03
2.432	125	1.140E-01	5.70E-03
2.457	125	1.100E-01	5.50E-03
2.482	125	1.150E-01	5.75E-03
2.507	125	1.100E-01	5.50E-03
2.533	125	1.120E-01	5.60E-03
2.558	125	1.070E-01	5.35E-03
2.583	125	1.060E-01	5.30E-03
2.608	125	1.070E-01	5.35E-03
2.634	125	1.090E-01	5.45E-03
2.659	125	1.050E-01	5.25E-03
2.684	125	1.060E-01	5.30E-03
2.709	125	1.030E-01	5.15E-03
2.734	125	1.050E-01	5.25E-03
2.760	125	1.040E-01	5.20E-03
2.785	125	1.030E-01	5.15E-03
2.810	125	1.020E-01	5.10E-03
2.835	125	1.030E-01	5.15E-03
2.861	125	1.020E-01	5.10E-03
2.886	125	1.010E-01	5.05E-03
2.911	125	9.980E-02	4.99E-03
2.936	125	9.930E-02	4.97E-03
2.962	125	9.770E-02	4.89E-03
2.987	125	1.020E-01	5.10E-03
3.012	125	9.710E-02	4.86E-03
0.331	130	6.170E-01	3.09E-02
0.338	130	6.060E-01	3.03E-02
0.341	130	5.660E-01	2.83E-02
0.351	130	5.300E-01	2.65E-02
0.361	130	4.720E-01	2.36E-02
0.371	130	4.140E-01	2.07E-02
0.382	130	4.020E-01	2.01E-02
0.392	130	3.380E-01	1.69E-02
0.402	130	2.820E-01	1.41E-02
0.412	130	2.240E-01	1.12E-02
0.422	130	1.590E-01	7.95E-03
0.432	130	9.990E-02	5.00E-03
0.442	130	8.610E-02	4.31E-03
0.452	130	2.580E-01	1.29E-02
0.462	130	6.270E-01	3.14E-02
0.472	130	8.230E-01	4.12E-02
0.482	130	7.710E-01	3.86E-02
0.493	130	7.050E-01	3.53E-02
0.503	130	6.410E-01	3.21E-02
0.513	130	5.990E-01	3.00E-02
0.523	130	5.470E-01	2.74E-02
0.533	130	5.120E-01	2.56E-02
0.590	130	4.370E-01	2.19E-02
0.691	130	3.120E-01	1.56E-02
0.742	130	2.850E-01	1.43E-02
0.792	130	2.630E-01	1.32E-02
0.843	130	2.380E-01	1.19E-02
0.893	130	2.200E-01	1.10E-02
0.944	130	2.140E-01	1.07E-02
0.994	130	2.010E-01	1.01E-02
1.044	130	1.890E-01	9.45E-03
1.095	130	1.820E-01	9.10E-03
1.145	130	1.790E-01	8.95E-03
1.196	130	1.720E-01	8.60E-03
1.246	130	1.670E-01	8.35E-03
1.297	130	1.660E-01	8.30E-03
1.347	130	1.610E-01	8.05E-03
1.398	130	1.570E-01	7.85E-03
1.448	130	1.480E-01	7.40E-03
1.498	130	1.460E-01	7.30E-03
1.549	130	1.430E-01	7.15E-03
1.559	130	1.450E-01	7.25E-03
1.569	130	1.410E-01	7.05E-03
1.579	130	1.380E-01	6.90E-03
1.589	130	1.370E-01	6.85E-03
1.599	130	1.340E-01	6.70E-03
1.609	130	1.320E-01	6.60E-03
1.620	130	1.270E-01	6.35E-03
1.625	130	1.270E-01	6.35E-03
1.630	130	1.200E-01	6.00E-03
1.640	130	1.100E-01	5.50E-03
1.650	130	9.450E-02	4.73E-03
1.660	130	7.200E-02	3.60E-03
1.670	130	4.010E-02	2.01E-03
1.675	130	2.910E-02	1.46E-03
1.680	130	1.420E-02	7.10E-04
1.690	130	1.820E-02	9.10E-04
1.700	130	6.730E-02	3.37E-03
1.710	130	1.510E-01	7.55E-03
1.720	130	2.450E-01	1.23E-02
1.726	130	2.900E-01	1.45E-02
1.731	130	2.980E-01	1.49E-02
1.736	130	3.050E-01	1.53E-02
1.741	130	3.020E-01	1.51E-02
1.751	130	2.570E-01	1.29E-02
1.761	130	2.030E-01	1.02E-02
1.771	130	1.660E-01	8.30E-03
1.776	130	1.590E-01	7.95E-03
1.781	130	1.430E-01	7.15E-03
1.791	130	1.260E-01	6.30E-03
1.801	130	1.260E-01	6.30E-03
1.811	130	1.170E-01	5.85E-03
1.821	130	1.140E-01	5.70E-03
1.826	130	1.220E-01	6.10E-03
1.831	130	1.150E-01	5.75E-03
1.842	130	1.120E-01	5.60E-03
1.852	130	1.140E-01	5.70E-03
1.877	130	1.200E-01	6.00E-03
1.902	130	1.170E-01	5.85E-03
1.927	130	1.180E-01	5.90E-03
1.953	130	1.120E-01	5.60E-03
1.978	130	1.190E-01	5.95E-03
2.003	130	1.130E-01	5.65E-03
2.028	130	1.170E-01	5.85E-03
2.053	130	1.110E-01	5.55E-03
2.079	130	1.150E-01	5.75E-03
2.104	130	1.090E-01	5.45E-03
2.129	130	1.140E-01	5.70E-03
2.154	130	1.100E-01	5.50E-03
2.180	130	1.120E-01	5.60E-03
2.205	130	1.110E-01	5.55E-03
2.230	130	1.110E-01	5.55E-03
2.255	130	1.070E-01	5.35E-03
2.280	130	1.110E-01	5.55E-03
2.306	130	1.070E-01	5.35E-03
2.331	130	1.100E-01	5.50E-03
2.356	130	1.070E-01	5.35E-03
2.381	130	1.090E-01	5.45E-03
2.407	130	1.060E-01	5.30E-03
2.432	130	1.070E-01	5.35E-03
2.457	130	1.020E-01	5.10E-03
2.482	130	1.070E-01	5.35E-03
2.507	130	1.020E-01	5.10E-03
2.533	130	1.060E-01	5.30E-03
2.558	130	1.020E-01	5.10E-03
2.583	130	1.020E-01	5.10E-03
2.608	130	1.010E-01	5.05E-03
2.634	130	1.020E-01	5.10E-03
2.659	130	9.760E-02	4.88E-03
2.684	130	9.940E-02	4.97E-03
2.709	130	9.700E-02	4.85E-03
2.734	130	9.890E-02	4.95E-03
2.760	130	9.980E-02	4.99E-03
2.785	130	9.930E-02	4.97E-03
2.810	130	1.000E-01	5.00E-03
2.835	130	9.770E-02	4.89E-03
2.861	130	9.690E-02	4.85E-03
2.886	130	9.760E-02	4.88E-03
2.911	130	9.590E-02	4.80E-03
2.936	130	9.630E-02	4.82E-03
2.962	130	9.330E-02	4.67E-03
2.987	130	9.580E-02	4.79E-03
3.012	130	9.200E-02	4.60E-03
0.331	135	5.810E-01	2.91E-02
0.338	135	5.710E-01	2.86E-02
0.341	135	5.360E-01	2.68E-02
0.351	135	4.880E-01	2.44E-02
0.361	135	4.330E-01	2.17E-02
0.371	135	3.770E-01	1.89E-02
0.382	135	3.700E-01	1.85E-02
0.392	135	3.060E-01	1.53E-02
0.402	135	2.560E-01	1.28E-02
0.412	135	2.030E-01	1.02E-02
0.422	135	1.440E-01	7.20E-03
0.432	135	8.950E-02	4.48E-03
0.442	135	9.310E-02	4.66E-03
0.452	135	2.740E-01	1.37E-02
0.462	135	6.430E-01	3.22E-02
0.472	135	8.140E-01	4.07E-02
0.482	135	7.680E-01	3.84E-02
0.493	135	6.980E-01	3.49E-02
0.503	135	6.240E-01	3.12E-02
0.513	135	5.670E-01	2.84E-02
0.523	135	5.210E-01	2.61E-02
0.533	135	4.950E-01	2.48E-02
0.590	135	4.370E-01	2.19E-02
0.691	135	3.050E-01	1.53E-02
0.742	135	2.770E-01	1.39E-02
0.792	135	2.530E-01	1.27E-02
0.843	135	2.350E-01	1.18E-02
0.893	135	2.210E-01	1.11E-02
0.944	135	2.120E-01	1.06E-02
0.994	135	2.030E-01	1.02E-02
1.044	135	1.890E-01	9.45E-03
1.095	135	1.850E-01	9.25E-03
1.145	135	1.800E-01	9.00E-03
1.196	135	1.730E-01	8.65E-03
1.246	135	1.680E-01	8.40E-03
1.297	135	1.660E-01	8.30E-03
1.347	135	1.630E-01	8.15E-03
1.398	135	1.570E-01	7.85E-03
1.448	135	1.530E-01	7.65E-03
1.498	135	1.510E-01	7.55E-03
1.549	135	1.490E-01	7.45E-03
1.559	135	1.480E-01	7.40E-03
1.569	135	1.470E-01	7.35E-03
1.579	135	1.480E-01	7.40E-03
1.589	135	1.440E-01	7.20E-03
1.599	135	1.430E-01	7.15E-03
1.609	135	1.390E-01	6.95E-03
1.620	135	1.340E-01	6.70E-03
1.625	135	1.360E-01	6.80E-03
1.630	135	1.270E-01	6.35E-03
1.640	135	1.150E-01	5.75E-03
1.650	135	1.010E-01	5.05E-03
1.660	135	7.370E-02	3.69E-03
1.670	135	3.980E-02	1.99E-03
1.675	135	2.650E-02	1.33E-03
1.680	135	1.210E-02	6.05E-04
1.690	135	2.250E-02	1.13E-03
1.700	135	8.860E-02	4.43E-03
1.710	135	1.970E-01	9.85E-03
1.720	135	3.120E-01	1.56E-02
1.726	135	3.720E-01	1.86E-02
1.731	135	3.730E-01	1.87E-02
1.736	135	3.740E-01	1.87E-02
1.741	135	3.640E-01	1.82E-02
1.751	135	2.910E-01	1.46E-02
1.761	135	2.090E-01	1.05E-02
1.771	135	1.630E-01	8.15E-03
1.776	135	1.510E-01	7.55E-03
1.781	135	1.310E-01	6.55E-03
1.791	135	1.130E-01	5.65E-03
1.801	135	1.110E-01	5.55E-03
1.811	135	1.030E-01	5.15E-03
1.821	135	1.010E-01	5.05E-03
1.826	135	1.080E-01	5.40E-03
1.831	135	1.020E-01	5.10E-03
1.842	135	1.010E-01	5.05E-03
1.852	135	1.030E-01	5.15E-03
1.877	135	1.080E-01	5.40E-03
1.902	135	1.070E-01	5.35E-03
1.927	135	1.080E-01	5.40E-03
1.953	135	1.050E-01	5.25E-03
1.978	135	1.100E-01	5.50E-03
2.003	135	1.080E-01	5.40E-03
2.028	135	1.080E-01	5.40E-03
2.053	135	1.070E-01	5.35E-03
2.079	135	1.100E-01	5.50E-03
2.104	135	1.070E-01	5.35E-03
2.129	135	1.090E-01	5.45E-03
2.154	135	1.060E-01	5.30E-03
2.180	135	1.070E-01	5.35E-03
2.205	135	1.040E-01	5.20E-03
2.230	135	1.060E-01	5.30E-03
2.255	135	1.020E-01	5.10E-03
2.280	135	1.060E-01	5.30E-03
2.306	135	1.030E-01	5.15E-03
2.331	135	1.070E-01	5.35E-03
2.356	135	1.030E-01	5.15E-03
2.381	135	1.050E-01	5.25E-03
2.407	135	1.010E-01	5.05E-03
2.432	135	1.040E-01	5.20E-03
2.457	135	9.900E-02	4.95E-03
2.482	135	1.050E-01	5.25E-03
2.507	135	1.000E-01	5.00E-03
2.533	135	1.020E-01	5.10E-03
2.558	135	9.960E-02	4.98E-03
2.583	135	9.940E-02	4.97E-03
2.608	135	9.850E-02	4.93E-03
2.634	135	9.970E-02	4.99E-03
2.659	135	9.620E-02	4.81E-03
2.684	135	9.690E-02	4.85E-03
2.709	135	9.550E-02	4.78E-03
2.734	135	9.730E-02	4.87E-03
2.760	135	9.610E-02	4.81E-03
2.785	135	9.620E-02	4.81E-03
2.810	135	9.690E-02	4.85E-03
2.835	135	9.510E-02	4.76E-03
2.861	135	9.620E-02	4.81E-03
2.886	135	9.460E-02	4.73E-03
2.911	135	9.240E-02	4.62E-03
2.936	135	9.360E-02	4.68E-03
2.962	135	9.250E-02	4.63E-03
2.987	135	9.480E-02	4.74E-03
3.012	135	9.130E-02	4.57E-03
0.331	140	5.440E-01	2.72E-02
0.338	140	5.470E-01	2.74E-02
0.341	140	4.950E-01	2.48E-02
0.351	140	4.520E-01	2.26E-02
0.361	140	3.990E-01	2.00E-02
0.371	140	3.500E-01	1.75E-02
0.382	140	3.370E-01	1.69E-02
0.392	140	2.790E-01	1.40E-02
0.402	140	2.370E-01	1.19E-02
0.412	140	1.840E-01	9.20E-03
0.422	140	1.330E-01	6.65E-03
0.432	140	8.570E-02	4.29E-03
0.442	140	9.470E-02	4.74E-03
0.452	140	2.840E-01	1.42E-02
0.462	140	6.540E-01	3.27E-02
0.472	140	7.990E-01	4.00E-02
0.482	140	7.570E-01	3.79E-02
0.493	140	6.670E-01	3.34E-02
0.503	140	6.070E-01	3.04E-02
0.513	140	5.590E-01	2.80E-02
0.523	140	5.040E-01	2.52E-02
0.533	140	4.710E-01	2.36E-02
0.590	140	4.140E-01	2.07E-02
0.691	140	2.950E-01	1.48E-02
0.742	140	2.650E-01	1.33E-02
0.792	140	2.430E-01	1.22E-02
0.843	140	2.260E-01	1.13E-02
0.893	140	2.110E-01	1.06E-02
0.944	140	2.020E-01	1.01E-02
0.994	140	1.950E-01	9.75E-03
1.044	140	1.850E-01	9.25E-03
1.095	140	1.780E-01	8.90E-03
1.145	140	1.710E-01	8.55E-03
1.196	140	1.700E-01	8.50E-03
1.246	140	1.640E-01	8.20E-03
1.297	140	1.620E-01	8.10E-03
1.347	140	1.610E-01	8.05E-03
1.398	140	1.540E-01	7.70E-03
1.448	140	1.510E-01	7.55E-03
1.498	140	1.510E-01	7.55E-03
1.549	140	1.520E-01	7.60E-03
1.559	140	1.500E-01	7.50E-03
1.569	140	1.490E-01	7.45E-03
1.579	140	1.490E-01	7.45E-03
1.589	140	1.470E-01	7.35E-03
1.599	140	1.460E-01	7.30E-03
1.609	140	1.440E-01	7.20E-03
1.620	140	1.380E-01	6.90E-03
1.625	140	1.400E-01	7.00E-03
1.630	140	1.300E-01	6.50E-03
1.640	140	1.210E-01	6.05E-03
1.650	140	1.030E-01	5.15E-03
1.660	140	7.500E-02	3.75E-03
1.670	140	3.910E-02	1.96E-03
1.675	140	2.560E-02	1.28E-03
1.680	140	1.140E-02	5.70E-04
1.690	140	2.820E-02	1.41E-03
1.700	140	1.090E-01	5.45E-03
1.710	140	2.390E-01	1.20E-02
1.720	140	3.750E-01	1.88E-02
1.726	140	4.430E-01	2.22E-02
1.731	140	4.440E-01	2.22E-02
1.736	140	4.410E-01	2.21E-02
1.741	140	4.150E-01	2.08E-02
1.751	140	3.240E-01	1.62E-02
1.761	140	2.210E-01	1.11E-02
1.771	140	1.580E-01	7.90E-03
1.776	140	1.430E-01	7.15E-03
1.781	140	1.220E-01	6.10E-03
1.791	140	1.000E-01	5.00E-03
1.801	140	9.470E-02	4.74E-03
1.811	140	8.780E-02	4.39E-03
1.821	140	8.540E-02	4.27E-03
1.826	140	9.050E-02	4.53E-03
1.831	140	8.620E-02	4.31E-03
1.842	140	8.640E-02	4.32E-03
1.852	140	8.760E-02	4.38E-03
1.877	140	9.610E-02	4.81E-03
1.902	140	9.260E-02	4.63E-03
1.927	140	9.620E-02	4.81E-03
1.953	140	9.410E-02	4.71E-03
1.978	140	1.020E-01	5.10E-03
2.003	140	9.860E-02	4.93E-03
2.028	140	9.940E-02	4.97E-03
2.053	140	9.750E-02	4.88E-03
2.079	140	1.000E-01	5.00E-03
2.104	140	9.820E-02	4.91E-03
2.129	140	1.020E-01	5.10E-03
2.154	140	9.820E-02	4.91E-03
2.180	140	9.890E-02	4.95E-03
2.205	140	9.660E-02	4.83E-03
2.230	140	9.870E-02	4.94E-03
2.255	140	9.540E-02	4.77E-03
2.280	140	9.780E-02	4.89E-03
2.306	140	9.420E-02	4.71E-03
2.331	140	1.000E-01	5.00E-03
2.356	140	9.600E-02	4.80E-03
2.381	140	9.820E-02	4.91E-03
2.407	140	9.570E-02	4.79E-03
2.432	140	9.680E-02	4.84E-03
2.457	140	9.360E-02	4.68E-03
2.482	140	9.750E-02	4.88E-03
2.507	140	9.450E-02	4.73E-03
2.533	140	9.670E-02	4.84E-03
2.558	140	9.280E-02	4.64E-03
2.583	140	9.410E-02	4.71E-03
2.608	140	9.320E-02	4.66E-03
2.634	140	9.410E-02	4.71E-03
2.659	140	9.060E-02	4.53E-03
2.684	140	9.230E-02	4.62E-03
2.709	140	8.890E-02	4.45E-03
2.734	140	9.260E-02	4.63E-03
2.760	140	9.060E-02	4.53E-03
2.785	140	9.190E-02	4.60E-03
2.810	140	9.130E-02	4.57E-03
2.835	140	9.030E-02	4.52E-03
2.861	140	8.990E-02	4.50E-03
2.886	140	9.040E-02	4.52E-03
2.911	140	8.830E-02	4.42E-03
2.936	140	8.960E-02	4.48E-03
2.962	140	8.780E-02	4.39E-03
2.987	140	8.840E-02	4.42E-03
3.012	140	8.750E-02	4.38E-03
0.331	145	5.050E-01	2.53E-02
0.338	145	5.000E-01	2.50E-02
0.341	145	4.600E-01	2.30E-02
0.351	145	4.230E-01	2.12E-02
0.361	145	3.730E-01	1.87E-02
0.371	145	3.270E-01	1.64E-02
0.382	145	3.170E-01	1.59E-02
0.392	145	2.630E-01	1.32E-02
0.402	145	2.190E-01	1.10E-02
0.412	145	1.700E-01	8.50E-03
0.422	145	1.230E-01	6.15E-03
0.432	145	7.990E-02	4.00E-03
0.442	145	1.010E-01	5.05E-03
0.452	145	2.940E-01	1.47E-02
0.462	145	6.500E-01	3.25E-02
0.472	145	8.020E-01	4.01E-02
0.482	145	7.400E-01	3.70E-02
0.493	145	6.530E-01	3.27E-02
0.503	145	5.860E-01	2.93E-02
0.513	145	5.400E-01	2.70E-02
0.523	145	4.820E-01	2.41E-02
0.533	145	4.560E-01	2.28E-02
0.590	145	3.990E-01	2.00E-02
0.691	145	2.810E-01	1.41E-02
0.742	145	2.570E-01	1.29E-02
0.792	145	2.330E-01	1.17E-02
0.843	145	2.160E-01	1.08E-02
0.893	145	2.060E-01	1.03E-02
0.944	145	1.950E-01	9.75E-03
0.994	145	1.920E-01	9.60E-03
1.044	145	1.780E-01	8.90E-03
1.095	145	1.740E-01	8.70E-03
1.145	145	1.690E-01	8.45E-03
1.196	145	1.650E-01	8.25E-03
1.246	145	1.610E-01	8.05E-03
1.297	145	1.610E-01	8.05E-03
1.347	145	1.570E-01	7.85E-03
1.398	145	1.560E-01	7.80E-03
1.448	145	1.530E-01	7.65E-03
1.498	145	1.520E-01	7.60E-03
1.549	145	1.530E-01	7.65E-03
1.559	145	1.530E-01	7.65E-03
1.569	145	1.530E-01	7.65E-03
1.579	145	1.530E-01	7.65E-03
1.589	145	1.520E-01	7.60E-03
1.599	145	1.520E-01	7.60E-03
1.609	145	1.480E-01	7.40E-03
1.620	145	1.430E-01	7.15E-03
1.625	145	1.450E-01	7.25E-03
1.630	145	1.370E-01	6.85E-03
1.640	145	1.240E-01	6.20E-03
1.650	145	1.080E-01	5.40E-03
1.660	145	7.750E-02	3.88E-03
1.670	145	4.010E-02	2.01E-03
1.675	145	2.550E-02	1.28E-03
1.680	145	1.220E-02	6.10E-04
1.690	145	3.440E-02	1.72E-03
1.700	145	1.310E-01	6.55E-03
1.710	145	2.820E-01	1.41E-02
1.720	145	4.430E-01	2.22E-02
1.726	145	5.220E-01	2.61E-02
1.731	145	5.200E-01	2.60E-02
1.736	145	5.100E-01	2.55E-02
1.741	145	4.780E-01	2.39E-02
1.751	145	3.670E-01	1.84E-02
1.761	145	2.320E-01	1.16E-02
1.771	145	1.570E-01	7.85E-03
1.776	145	1.390E-01	6.95E-03
1.781	145	1.140E-01	5.70E-03
1.791	145	8.940E-02	4.47E-03
1.801	145	8.270E-02	4.14E-03
1.811	145	7.440E-02	3.72E-03
1.821	145	7.280E-02	3.64E-03
1.826	145	7.730E-02	3.87E-03
1.831	145	7.290E-02	3.65E-03
1.842	145	7.350E-02	3.68E-03
1.852	145	7.500E-02	3.75E-03
1.877	145	8.190E-02	4.10E-03
1.902	145	8.130E-02	4.07E-03
1.927	145	8.520E-02	4.26E-03
1.953	145	8.540E-02	4.27E-03
1.978	145	9.350E-02	4.68E-03
2.003	145	8.950E-02	4.48E-03
2.028	145	9.000E-02	4.50E-03
2.053	145	8.930E-02	4.47E-03
2.079	145	9.520E-02	4.76E-03
2.104	145	9.160E-02	4.58E-03
2.129	145	9.450E-02	4.73E-03
2.154	145	9.090E-02	4.55E-03
2.180	145	9.240E-02	4.62E-03
2.205	145	9.080E-02	4.54E-03
2.230	145	9.200E-02	4.60E-03
2.255	145	8.890E-02	4.45E-03
2.280	145	9.170E-02	4.59E-03
2.306	145	8.890E-02	4.45E-03
2.331	145	9.340E-02	4.67E-03
2.356	145	8.950E-02	4.48E-03
2.381	145	9.160E-02	4.58E-03
2.407	145	8.880E-02	4.44E-03
2.432	145	9.170E-02	4.59E-03
2.457	145	8.750E-02	4.38E-03
2.482	145	9.260E-02	4.63E-03
2.507	145	8.830E-02	4.42E-03
2.533	145	9.180E-02	4.59E-03
2.558	145	8.790E-02	4.40E-03
2.583	145	8.820E-02	4.41E-03
2.608	145	8.810E-02	4.41E-03
2.634	145	8.860E-02	4.43E-03
2.659	145	8.640E-02	4.32E-03
2.684	145	8.770E-02	4.39E-03
2.709	145	8.470E-02	4.24E-03
2.734	145	8.770E-02	4.39E-03
2.760	145	8.700E-02	4.35E-03
2.785	145	8.730E-02	4.37E-03
2.810	145	8.690E-02	4.35E-03
2.835	145	8.660E-02	4.33E-03
2.861	145	8.730E-02	4.37E-03
2.886	145	8.490E-02	4.25E-03
2.911	145	8.400E-02	4.20E-03
2.936	145	8.480E-02	4.24E-03
2.962	145	8.310E-02	4.16E-03
2.987	145	8.450E-02	4.23E-03
3.012	145	8.190E-02	4.10E-03
0.331	150	4.770E-01	2.39E-02
0.338	150	4.670E-01	2.34E-02
0.341	150	4.400E-01	2.20E-02
0.351	150	4.000E-01	2.00E-02
0.361	150	3.570E-01	1.79E-02
0.371	150	3.070E-01	1.54E-02
0.382	150	2.960E-01	1.48E-02
0.392	150	2.460E-01	1.23E-02
0.402	150	2.070E-01	1.04E-02
0.412	150	1.620E-01	8.10E-03
0.422	150	1.150E-01	5.75E-03
0.432	150	7.820E-02	3.91E-03
0.442	150	1.040E-01	5.20E-03
0.452	150	3.010E-01	1.51E-02
0.462	150	6.580E-01	3.29E-02
0.472	150	7.810E-01	3.91E-02
0.482	150	7.350E-01	3.68E-02
0.493	150	6.470E-01	3.24E-02
0.503	150	5.740E-01	2.87E-02
0.513	150	5.250E-01	2.63E-02
0.523	150	4.720E-01	2.36E-02
0.533	150	4.440E-01	2.22E-02
0.590	150	3.870E-01	1.94E-02
0.691	150	2.750E-01	1.38E-02
0.742	150	2.520E-01	1.26E-02
0.792	150	2.280E-01	1.14E-02
0.843	150	2.090E-01	1.05E-02
0.893	150	2.030E-01	1.02E-02
0.944	150	1.950E-01	9.75E-03
0.994	150	1.840E-01	9.20E-03
1.044	150	1.770E-01	8.85E-03
1.095	150	1.720E-01	8.60E-03
1.145	150	1.660E-01	8.30E-03
1.196	150	1.650E-01	8.25E-03
1.246	150	1.600E-01	8.00E-03
1.297	150	1.600E-01	8.00E-03
1.347	150	1.560E-01	7.80E-03
1.398	150	1.540E-01	7.70E-03
1.448	150	1.530E-01	7.65E-03
1.498	150	1.540E-01	7.70E-03
1.549	150	1.570E-01	7.85E-03
1.559	150	1.570E-01	7.85E-03
1.569	150	1.570E-01	7.85E-03
1.579	150	1.570E-01	7.85E-03
1.589	150	1.530E-01	7.65E-03
1.599	150	1.550E-01	7.75E-03
1.609	150	1.530E-01	7.65E-03
1.620	150	1.490E-01	7.45E-03
1.625	150	1.510E-01	7.55E-03
1.630	150	1.410E-01	7.05E-03
1.640	150	1.320E-01	6.60E-03
1.650	150	1.120E-01	5.60E-03
1.660	150	8.130E-02	4.07E-03
1.670	150	4.180E-02	2.09E-03
1.675	150	2.690E-02	1.35E-03
1.680	150	1.330E-02	6.65E-04
1.690	150	4.190E-02	2.10E-03
1.700	150	1.540E-01	7.70E-03
1.710	150	3.270E-01	1.64E-02
1.720	150	5.100E-01	2.55E-02
1.726	150	6.040E-01	3.02E-02
1.731	150	5.990E-01	3.00E-02
1.736	150	5.900E-01	2.95E-02
1.741	150	5.430E-01	2.72E-02
1.751	150	4.060E-01	2.03E-02
1.761	150	2.520E-01	1.26E-02
1.771	150	1.620E-01	8.10E-03
1.776	150	1.390E-01	6.95E-03
1.781	150	1.100E-01	5.50E-03
1.791	150	8.090E-02	4.05E-03
1.801	150	7.210E-02	3.61E-03
1.811	150	6.370E-02	3.19E-03
1.821	150	6.140E-02	3.07E-03
1.826	150	6.430E-02	3.22E-03
1.831	150	6.170E-02	3.09E-03
1.842	150	6.270E-02	3.14E-03
1.852	150	6.450E-02	3.23E-03
1.877	150	7.140E-02	3.57E-03
1.902	150	7.140E-02	3.57E-03
1.927	150	7.680E-02	3.84E-03
1.953	150	7.680E-02	3.84E-03
1.978	150	8.530E-02	4.27E-03
2.003	150	7.990E-02	4.00E-03
2.028	150	8.390E-02	4.20E-03
2.053	150	8.210E-02	4.11E-03
2.079	150	8.720E-02	4.36E-03
2.104	150	8.470E-02	4.24E-03
2.129	150	8.880E-02	4.44E-03
2.154	150	8.420E-02	4.21E-03
2.180	150	8.630E-02	4.32E-03
2.205	150	8.390E-02	4.20E-03
2.230	150	8.540E-02	4.27E-03
2.255	150	8.300E-02	4.15E-03
2.280	150	8.730E-02	4.37E-03
2.306	150	8.440E-02	4.22E-03
2.331	150	8.800E-02	4.40E-03
2.356	150	8.370E-02	4.19E-03
2.381	150	8.730E-02	4.37E-03
2.407	150	8.420E-02	4.21E-03
2.432	150	8.590E-02	4.30E-03
2.457	150	8.360E-02	4.18E-03
2.482	150	8.660E-02	4.33E-03
2.507	150	8.400E-02	4.20E-03
2.533	150	8.630E-02	4.32E-03
2.558	150	8.280E-02	4.14E-03
2.583	150	8.410E-02	4.21E-03
2.608	150	8.360E-02	4.18E-03
2.634	150	8.390E-02	4.20E-03
2.659	150	8.110E-02	4.06E-03
2.684	150	8.200E-02	4.10E-03
2.709	150	8.030E-02	4.02E-03
2.734	150	8.250E-02	4.13E-03
2.760	150	8.180E-02	4.09E-03
2.785	150	8.250E-02	4.13E-03
2.810	150	8.170E-02	4.09E-03
2.835	150	8.220E-02	4.11E-03
2.861	150	8.120E-02	4.06E-03
2.886	150	8.160E-02	4.08E-03
2.911	150	7.900E-02	3.95E-03
2.936	150	8.150E-02	4.08E-03
2.962	150	7.930E-02	3.97E-03
2.987	150	8.070E-02	4.04E-03
3.012	150	7.880E-02	3.94E-03
0.331	155	4.680E-01	2.34E-02
0.338	155	4.500E-01	2.25E-02
0.341	155	4.160E-01	2.08E-02
0.351	155	3.790E-01	1.90E-02
0.361	155	3.400E-01	1.70E-02
0.371	155	2.930E-01	1.47E-02
0.382	155	2.860E-01	1.43E-02
0.392	155	2.390E-01	1.20E-02
0.402	155	1.930E-01	9.65E-03
0.412	155	1.530E-01	7.65E-03
0.422	155	1.090E-01	5.45E-03
0.432	155	7.630E-02	3.82E-03
0.442	155	1.080E-01	5.40E-03
0.452	155	3.120E-01	1.56E-02
0.462	155	6.690E-01	3.35E-02
0.472	155	7.850E-01	3.93E-02
0.482	155	7.160E-01	3.58E-02
0.493	155	6.340E-01	3.17E-02
0.503	155	5.670E-01	2.84E-02
0.513	155	5.140E-01	2.57E-02
0.523	155	4.590E-01	2.30E-02
0.533	155	4.310E-01	2.16E-02
0.590	155	3.850E-01	1.93E-02
0.691	155	2.690E-01	1.35E-02
0.742	155	2.480E-01	1.24E-02
0.792	155	2.250E-01	1.13E-02
0.843	155	2.110E-01	1.06E-02
0.893	155	1.970E-01	9.85E-03
0.944	155	1.910E-01	9.55E-03
0.994	155	1.820E-01	9.10E-03
1.044	155	1.760E-01	8.80E-03
1.095	155	1.700E-01	8.50E-03
1.145	155	1.640E-01	8.20E-03
1.196	155	1.630E-01	8.15E-03
1.246	155	1.590E-01	7.95E-03
1.297	155	1.590E-01	7.95E-03
1.347	155	1.600E-01	8.00E-03
1.398	155	1.550E-01	7.75E-03
1.448	155	1.550E-01	7.75E-03
1.498	155	1.550E-01	7.75E-03
1.549	155	1.590E-01	7.95E-03
1.559	155	1.610E-01	8.05E-03
1.569	155	1.610E-01	8.05E-03
1.579	155	1.620E-01	8.10E-03
1.589	155	1.600E-01	8.00E-03
1.599	155	1.610E-01	8.05E-03
1.609	155	1.580E-01	7.90E-03
1.620	155	1.530E-01	7.65E-03
1.625	155	1.580E-01	7.90E-03
1.630	155	1.470E-01	7.35E-03
1.640	155	1.340E-01	6.70E-03
1.650	155	1.180E-01	5.90E-03
1.660	155	8.520E-02	4.26E-03
1.670	155	4.350E-02	2.18E-03
1.675	155	2.830E-02	1.42E-03
1.680	155	1.530E-02	7.65E-04
1.690	155	5.040E-02	2.52E-03
1.700	155	1.760E-01	8.80E-03
1.710	155	3.720E-01	1.86E-02
1.720	155	5.800E-01	2.90E-02
1.726	155	6.810E-01	3.41E-02
1.731	155	6.730E-01	3.37E-02
1.736	155	6.570E-01	3.29E-02
1.741	155	6.110E-01	3.06E-02
1.751	155	4.520E-01	2.26E-02
1.761	155	2.770E-01	1.39E-02
1.771	155	1.680E-01	8.40E-03
1.776	155	1.420E-01	7.10E-03
1.781	155	1.090E-01	5.45E-03
1.791	155	7.540E-02	3.77E-03
1.801	155	6.480E-02	3.24E-03
1.811	155	5.520E-02	2.76E-03
1.821	155	5.280E-02	2.64E-03
1.826	155	5.550E-02	2.78E-03
1.831	155	5.220E-02	2.61E-03
1.842	155	5.250E-02	2.63E-03
1.852	155	5.450E-02	2.73E-03
1.877	155	6.190E-02	3.10E-03
1.902	155	6.320E-02	3.16E-03
1.927	155	6.750E-02	3.38E-03
1.953	155	6.990E-02	3.50E-03
1.978	155	7.930E-02	3.97E-03
2.003	155	7.440E-02	3.72E-03
2.028	155	7.610E-02	3.81E-03
2.053	155	7.580E-02	3.79E-03
2.079	155	8.180E-02	4.09E-03
2.104	155	8.050E-02	4.03E-03
2.129	155	8.230E-02	4.12E-03
2.154	155	7.870E-02	3.94E-03
2.180	155	8.110E-02	4.06E-03
2.205	155	7.990E-02	4.00E-03
2.230	155	8.170E-02	4.09E-03
2.255	155	7.770E-02	3.89E-03
2.280	155	8.250E-02	4.13E-03
2.306	155	8.010E-02	4.01E-03
2.331	155	8.320E-02	4.16E-03
2.356	155	8.010E-02	4.01E-03
2.381	155	8.220E-02	4.11E-03
2.407	155	7.940E-02	3.97E-03
2.432	155	8.220E-02	4.11E-03
2.457	155	7.950E-02	3.98E-03
2.482	155	8.260E-02	4.13E-03
2.507	155	7.980E-02	3.99E-03
2.533	155	8.110E-02	4.06E-03
2.558	155	7.980E-02	3.99E-03
2.583	155	8.410E-02	4.21E-03
2.608	155	7.900E-02	3.95E-03
2.634	155	7.960E-02	3.98E-03
2.659	155	7.740E-02	3.87E-03
2.684	155	7.890E-02	3.95E-03
2.709	155	7.700E-02	3.85E-03
2.734	155	7.900E-02	3.95E-03
2.760	155	7.850E-02	3.93E-03
2.785	155	7.990E-02	4.00E-03
2.810	155	7.880E-02	3.94E-03
2.835	155	7.850E-02	3.93E-03
2.861	155	7.860E-02	3.93E-03
2.886	155	7.770E-02	3.89E-03
2.911	155	7.620E-02	3.81E-03
2.936	155	7.710E-02	3.86E-03
2.962	155	7.650E-02	3.83E-03
2.987	155	7.590E-02	3.80E-03
3.012	155	7.600E-02	3.80E-03
0.331	160	4.370E-01	2.19E-02
0.338	160	4.420E-01	2.21E-02
0.341	160	3.930E-01	1.97E-02
0.351	160	3.670E-01	1.84E-02
0.361	160	3.260E-01	1.63E-02
0.371	160	2.820E-01	1.41E-02
0.382	160	2.720E-01	1.36E-02
0.392	160	2.230E-01	1.12E-02
0.402	160	1.820E-01	9.10E-03
0.412	160	1.430E-01	7.15E-03
0.422	160	1.020E-01	5.10E-03
0.432	160	7.340E-02	3.67E-03
0.442	160	1.100E-01	5.50E-03
0.452	160	3.170E-01	1.59E-02
0.462	160	6.650E-01	3.33E-02
0.472	160	7.830E-01	3.92E-02
0.482	160	7.150E-01	3.58E-02
0.493	160	6.300E-01	3.15E-02
0.503	160	5.630E-01	2.82E-02
0.513	160	4.990E-01	2.50E-02
0.523	160	4.560E-01	2.28E-02
0.533	160	4.270E-01	2.14E-02
0.590	160	3.730E-01	1.87E-02
0.691	160	2.600E-01	1.30E-02
0.742	160	2.390E-01	1.20E-02
0.792	160	2.210E-01	1.11E-02
0.843	160	2.040E-01	1.02E-02
0.893	160	1.930E-01	9.65E-03
0.944	160	1.820E-01	9.10E-03
0.994	160	1.810E-01	9.05E-03
1.044	160	1.700E-01	8.50E-03
1.095	160	1.660E-01	8.30E-03
1.145	160	1.600E-01	8.00E-03
1.196	160	1.580E-01	7.90E-03
1.246	160	1.580E-01	7.90E-03
1.297	160	1.580E-01	7.90E-03
1.347	160	1.570E-01	7.85E-03
1.398	160	1.540E-01	7.70E-03
1.448	160	1.530E-01	7.65E-03
1.498	160	1.570E-01	7.85E-03
1.549	160	1.630E-01	8.15E-03
1.559	160	1.630E-01	8.15E-03
1.569	160	1.640E-01	8.20E-03
1.579	160	1.650E-01	8.25E-03
1.589	160	1.660E-01	8.30E-03
1.599	160	1.640E-01	8.20E-03
1.609	160	1.640E-01	8.20E-03
1.620	160	1.600E-01	8.00E-03
1.625	160	1.610E-01	8.05E-03
1.630	160	1.530E-01	7.65E-03
1.640	160	1.390E-01	6.95E-03
1.650	160	1.210E-01	6.05E-03
1.660	160	8.730E-02	4.37E-03
1.670	160	4.540E-02	2.27E-03
1.675	160	3.020E-02	1.51E-03
1.680	160	1.700E-02	8.50E-04
1.690	160	5.700E-02	2.85E-03
1.700	160	1.940E-01	9.70E-03
1.710	160	4.090E-01	2.05E-02
1.720	160	6.330E-01	3.17E-02
1.726	160	7.440E-01	3.72E-02
1.731	160	7.460E-01	3.73E-02
1.736	160	7.220E-01	3.61E-02
1.741	160	6.760E-01	3.38E-02
1.751	160	4.960E-01	2.48E-02
1.761	160	2.950E-01	1.48E-02
1.771	160	1.770E-01	8.85E-03
1.776	160	1.440E-01	7.20E-03
1.781	160	1.090E-01	5.45E-03
1.791	160	7.190E-02	3.60E-03
1.801	160	5.870E-02	2.94E-03
1.811	160	4.860E-02	2.43E-03
1.821	160	4.530E-02	2.27E-03
1.826	160	4.810E-02	2.41E-03
1.831	160	4.510E-02	2.26E-03
1.842	160	4.560E-02	2.28E-03
1.852	160	4.750E-02	2.38E-03
1.877	160	5.360E-02	2.68E-03
1.902	160	5.720E-02	2.86E-03
1.927	160	6.190E-02	3.10E-03
1.953	160	6.300E-02	3.15E-03
1.978	160	7.180E-02	3.59E-03
2.003	160	6.810E-02	3.41E-03
2.028	160	7.180E-02	3.59E-03
2.053	160	7.050E-02	3.53E-03
2.079	160	7.590E-02	3.80E-03
2.104	160	7.600E-02	3.80E-03
2.129	160	7.670E-02	3.84E-03
2.154	160	7.420E-02	3.71E-03
2.180	160	7.640E-02	3.82E-03
2.205	160	7.630E-02	3.82E-03
2.230	160	7.580E-02	3.79E-03
2.255	160	7.370E-02	3.69E-03
2.280	160	7.830E-02	3.92E-03
2.306	160	7.450E-02	3.73E-03
2.331	160	7.910E-02	3.96E-03
2.356	160	7.620E-02	3.81E-03
2.381	160	7.760E-02	3.88E-03
2.407	160	7.650E-02	3.83E-03
2.432	160	7.860E-02	3.93E-03
2.457	160	7.680E-02	3.84E-03
2.482	160	7.950E-02	3.98E-03
2.507	160	7.670E-02	3.84E-03
2.533	160	7.820E-02	3.91E-03
2.558	160	7.720E-02	3.86E-03
2.583	160	7.620E-02	3.81E-03
2.608	160	7.650E-02	3.83E-03
2.634	160	7.690E-02	3.85E-03
2.659	160	7.500E-02	3.75E-03
2.684	160	7.650E-02	3.83E-03
2.709	160	7.520E-02	3.76E-03
2.734	160	7.520E-02	3.76E-03
2.760	160	7.500E-02	3.75E-03
2.785	160	7.530E-02	3.77E-03
2.810	160	7.480E-02	3.74E-03
2.835	160	7.540E-02	3.77E-03
2.861	160	7.500E-02	3.75E-03
2.886	160	7.430E-02	3.72E-03
2.911	160	7.300E-02	3.65E-03
2.936	160	7.320E-02	3.66E-03
2.962	160	7.280E-02	3.64E-03
2.987	160	7.430E-02	3.72E-03
3.012	160	7.150E-02	3.58E-03
0.331	165	4.210E-01	2.11E-02
0.338	165	4.200E-01	2.10E-02
0.341	165	3.910E-01	1.96E-02
0.351	165	3.490E-01	1.75E-02
0.361	165	3.120E-01	1.56E-02
0.371	165	2.680E-01	1.34E-02
0.382	165	2.610E-01	1.31E-02
0.392	165	2.150E-01	1.08E-02
0.402	165	1.770E-01	8.85E-03
0.412	165	1.380E-01	6.90E-03
0.422	165	1.040E-01	5.20E-03
0.432	165	7.200E-02	3.60E-03
0.442	165	1.110E-01	5.55E-03
0.452	165	3.200E-01	1.60E-02
0.462	165	6.650E-01	3.33E-02
0.472	165	7.820E-01	3.91E-02
0.482	165	7.080E-01	3.54E-02
0.493	165	6.180E-01	3.09E-02
0.503	165	5.500E-01	2.75E-02
0.513	165	4.970E-01	2.49E-02
0.523	165	4.550E-01	2.28E-02
0.533	165	4.260E-01	2.13E-02
0.590	165	3.650E-01	1.83E-02
0.691	165	2.560E-01	1.28E-02
0.742	165	2.370E-01	1.19E-02
0.792	165	2.160E-01	1.08E-02
0.843	165	2.030E-01	1.02E-02
0.893	165	1.920E-01	9.60E-03
0.944	165	1.830E-01	9.15E-03
0.994	165	1.800E-01	9.00E-03
1.044	165	1.680E-01	8.40E-03
1.095	165	1.670E-01	8.35E-03
1.145	165	1.620E-01	8.10E-03
1.196	165	1.550E-01	7.75E-03
1.246	165	1.550E-01	7.75E-03
1.297	165	1.580E-01	7.90E-03
1.347	165	1.570E-01	7.85E-03
1.398	165	1.540E-01	7.70E-03
1.448	165	1.540E-01	7.70E-03
1.498	165	1.560E-01	7.80E-03
1.549	165	1.620E-01	8.10E-03
1.559	165	1.660E-01	8.30E-03
1.569	165	1.640E-01	8.20E-03
1.579	165	1.670E-01	8.35E-03
1.589	165	1.660E-01	8.30E-03
1.599	165	1.680E-01	8.40E-03
1.609	165	1.670E-01	8.35E-03
1.620	165	1.610E-01	8.05E-03
1.625	165	1.640E-01	8.20E-03
1.630	165	1.560E-01	7.80E-03
1.640	165	1.430E-01	7.15E-03
1.650	165	1.240E-01	6.20E-03
1.660	165	9.070E-02	4.54E-03
1.670	165	4.640E-02	2.32E-03
1.675	165	3.170E-02	1.59E-03
1.680	165	1.910E-02	9.55E-04
1.690	165	6.330E-02	3.17E-03
1.700	165	2.090E-01	1.05E-02
1.710	165	4.400E-01	2.20E-02
1.720	165	6.790E-01	3.40E-02
1.726	165	8.030E-01	4.02E-02
1.731	165	7.990E-01	4.00E-02
1.736	165	7.770E-01	3.89E-02
1.741	165	7.200E-01	3.60E-02
1.751	165	5.250E-01	2.63E-02
1.761	165	3.150E-01	1.58E-02
1.771	165	1.830E-01	9.15E-03
1.776	165	1.490E-01	7.45E-03
1.781	165	1.090E-01	5.45E-03
1.791	165	6.920E-02	3.46E-03
1.801	165	5.500E-02	2.75E-03
1.811	165	4.330E-02	2.17E-03
1.821	165	4.020E-02	2.01E-03
1.826	165	4.190E-02	2.10E-03
1.831	165	3.900E-02	1.95E-03
1.842	165	4.040E-02	2.02E-03
1.852	165	4.070E-02	2.04E-03
1.877	165	4.870E-02	2.44E-03
1.902	165	5.060E-02	2.53E-03
1.927	165	5.640E-02	2.82E-03
1.953	165	5.710E-02	2.86E-03
1.978	165	6.770E-02	3.39E-03
2.003	165	6.340E-02	3.17E-03
2.028	165	6.640E-02	3.32E-03
2.053	165	6.680E-02	3.34E-03
2.079	165	7.270E-02	3.64E-03
2.104	165	7.020E-02	3.51E-03
2.129	165	7.280E-02	3.64E-03
2.154	165	7.020E-02	3.51E-03
2.180	165	7.210E-02	3.61E-03
2.205	165	7.080E-02	3.54E-03
2.230	165	7.370E-02	3.69E-03
2.255	165	7.070E-02	3.54E-03
2.280	165	7.490E-02	3.75E-03
2.306	165	7.210E-02	3.61E-03
2.331	165	7.550E-02	3.78E-03
2.356	165	7.320E-02	3.66E-03
2.381	165	7.450E-02	3.73E-03
2.407	165	7.320E-02	3.66E-03
2.432	165	7.570E-02	3.79E-03
2.457	165	7.180E-02	3.59E-03
2.482	165	7.600E-02	3.80E-03
2.507	165	7.330E-02	3.67E-03
2.533	165	7.460E-02	3.73E-03
2.558	165	7.240E-02	3.62E-03
2.583	165	7.280E-02	3.64E-03
2.608	165	7.340E-02	3.67E-03
2.634	165	7.340E-02	3.67E-03
2.659	165	7.130E-02	3.57E-03
2.684	165	7.350E-02	3.68E-03
2.709	165	7.150E-02	3.58E-03
2.734	165	7.300E-02	3.65E-03
2.760	165	7.270E-02	3.64E-03
2.785	165	7.270E-02	3.64E-03
2.810	165	7.330E-02	3.67E-03
2.835	165	7.180E-02	3.59E-03
2.861	165	7.370E-02	3.69E-03
2.886	165	7.170E-02	3.59E-03
2.911	165	7.110E-02	3.56E-03
2.936	165	7.110E-02	3.56E-03
2.962	165	6.900E-02	3.45E-03
2.987	165	7.260E-02	3.63E-03
3.012	165	7.010E-02	3.51E-03
0.331	170	4.260E-01	2.13E-02
0.338	170	4.020E-01	2.01E-02
0.341	170	3.860E-01	1.93E-02
0.351	170	3.490E-01	1.75E-02
0.361	170	3.090E-01	1.55E-02
0.371	170	2.710E-01	1.36E-02
0.382	170	2.590E-01	1.30E-02
0.392	170	2.140E-01	1.07E-02
0.402	170	1.800E-01	9.00E-03
0.412	170	1.360E-01	6.80E-03
0.422	170	1.010E-01	5.05E-03
0.432	170	7.430E-02	3.72E-03
0.442	170	1.130E-01	5.65E-03
0.452	170	3.260E-01	1.63E-02
0.462	170	6.610E-01	3.31E-02
0.472	170	7.740E-01	3.87E-02
0.482	170	7.050E-01	3.53E-02
0.493	170	5.980E-01	2.99E-02
0.503	170	5.480E-01	2.74E-02
0.513	170	4.980E-01	2.49E-02
0.523	170	4.450E-01	2.23E-02
0.533	170	4.190E-01	2.10E-02
0.590	170	3.620E-01	1.81E-02
0.691	170	2.590E-01	1.30E-02
0.742	170	2.310E-01	1.16E-02
0.792	170	2.170E-01	1.09E-02
0.843	170	2.000E-01	1.00E-02
0.893	170	1.880E-01	9.40E-03
0.944	170	1.850E-01	9.25E-03
0.994	170	1.750E-01	8.75E-03
1.044	170	1.680E-01	8.40E-03
1.095	170	1.630E-01	8.15E-03
1.145	170	1.620E-01	8.10E-03
1.196	170	1.580E-01	7.90E-03
1.246	170	1.580E-01	7.90E-03
1.297	170	1.560E-01	7.80E-03
1.347	170	1.560E-01	7.80E-03
1.398	170	1.560E-01	7.80E-03
1.448	170	1.560E-01	7.80E-03
1.498	170	1.570E-01	7.85E-03
1.549	170	1.650E-01	8.25E-03
1.559	170	1.670E-01	8.35E-03
1.569	170	1.690E-01	8.45E-03
1.579	170	1.690E-01	8.45E-03
1.589	170	1.690E-01	8.45E-03
1.599	170	1.700E-01	8.50E-03
1.609	170	1.690E-01	8.45E-03
1.620	170	1.660E-01	8.30E-03
1.625	170	1.700E-01	8.50E-03
1.630	170	1.590E-01	7.95E-03
1.640	170	1.470E-01	7.35E-03
1.650	170	1.280E-01	6.40E-03
1.660	170	9.230E-02	4.62E-03
1.670	170	4.830E-02	2.42E-03
1.675	170	3.350E-02	1.68E-03
1.680	170	2.050E-02	1.03E-03
1.690	170	6.790E-02	3.40E-03
1.700	170	2.230E-01	1.12E-02
1.710	170	4.650E-01	2.33E-02
1.720	170	7.190E-01	3.60E-02
1.726	170	8.430E-01	4.22E-02
1.731	170	8.420E-01	4.21E-02
1.736	170	8.180E-01	4.09E-02
1.741	170	7.640E-01	3.82E-02
1.751	170	5.520E-01	2.76E-02
1.761	170	3.260E-01	1.63E-02
1.771	170	1.890E-01	9.45E-03
1.776	170	1.510E-01	7.55E-03
1.781	170	1.110E-01	5.55E-03
1.791	170	6.920E-02	3.46E-03
1.801	170	5.260E-02	2.63E-03
1.811	170	4.010E-02	2.01E-03
1.821	170	3.600E-02	1.80E-03
1.826	170	3.730E-02	1.87E-03
1.831	170	3.530E-02	1.77E-03
1.842	170	3.540E-02	1.77E-03
1.852	170	3.720E-02	1.86E-03
1.877	170	4.410E-02	2.21E-03
1.902	170	4.700E-02	2.35E-03
1.927	170	5.230E-02	2.62E-03
1.953	170	5.380E-02	2.69E-03
1.978	170	6.480E-02	3.24E-03
2.003	170	6.090E-02	3.05E-03
2.028	170	6.290E-02	3.15E-03
2.053	170	6.410E-02	3.21E-03
2.079	170	6.910E-02	3.46E-03
2.104	170	6.800E-02	3.40E-03
2.129	170	7.040E-02	3.52E-03
2.154	170	6.740E-02	3.37E-03
2.180	170	7.000E-02	3.50E-03
2.205	170	6.870E-02	3.44E-03
2.230	170	7.060E-02	3.53E-03
2.255	170	6.870E-02	3.44E-03
2.280	170	7.010E-02	3.51E-03
2.306	170	6.910E-02	3.46E-03
2.331	170	7.270E-02	3.64E-03
2.356	170	7.040E-02	3.52E-03
2.381	170	7.210E-02	3.61E-03
2.407	170	7.090E-02	3.55E-03
2.432	170	7.250E-02	3.63E-03
2.457	170	7.060E-02	3.53E-03
2.482	170	7.420E-02	3.71E-03
2.507	170	7.050E-02	3.53E-03
2.533	170	7.260E-02	3.63E-03
2.558	170	7.050E-02	3.53E-03
2.583	170	7.080E-02	3.54E-03
2.608	170	7.010E-02	3.51E-03
2.634	170	7.190E-02	3.60E-03
2.659	170	7.000E-02	3.50E-03
2.684	170	6.990E-02	3.50E-03
2.709	170	6.830E-02	3.42E-03
2.734	170	7.040E-02	3.52E-03
2.760	170	6.970E-02	3.49E-03
2.785	170	7.110E-02	3.56E-03
2.810	170	7.070E-02	3.54E-03
2.835	170	7.110E-02	3.56E-03
2.861	170	7.120E-02	3.56E-03
2.886	170	7.040E-02	3.52E-03
2.911	170	6.940E-02	3.47E-03
2.936	170	7.000E-02	3.50E-03
2.962	170	6.870E-02	3.44E-03
2.987	170	6.950E-02	3.48E-03
3.012	170	6.760E-02	3.38E-03

