0.3379	84.31	1.980E+00	5.55E-02
0.3678	84.31	1.650E+00	4.81E-02
0.3981	84.31	1.340E+00	3.52E-02
0.4079	84.31	1.230E+00	3.89E-02
0.4182	84.31	1.040E+00	3.33E-02
0.4280	84.31	8.410E-01	2.59E-02
0.4331	84.31	7.360E-01	2.96E-02
0.4382	84.31	5.710E-01	2.41E-02
0.4434	84.31	4.170E-01	2.41E-02
0.4494	84.31	2.560E-01	1.85E-02
0.4536	84.31	1.820E-01	2.04E-02
0.4583	84.31	2.340E-01	1.67E-02
0.4634	84.31	4.490E-01	3.15E-02
0.4686	84.31	6.430E-01	3.15E-02
0.4737	84.31	8.410E-01	2.41E-02
0.4789	84.31	9.900E-01	3.33E-02
0.4840	84.31	1.040E+00	2.59E-02
0.4892	84.31	1.080E+00	3.33E-02
0.4990	84.31	1.110E+00	2.96E-02
0.5191	84.31	1.060E+00	3.15E-02
0.5391	84.31	9.950E-01	2.96E-02
0.5592	84.31	9.390E-01	2.78E-02
0.5798	84.31	8.280E-01	2.22E-02
0.6096	84.31	7.600E-01	2.22E-02
0.6395	84.31	6.910E-01	1.66E-02
0.7026	84.31	5.950E-01	2.02E-02
1.6375	84.31	1.790E-01	5.31E-03
1.6677	84.31	2.020E-01	5.31E-03
1.6781	84.31	2.400E-01	4.25E-03
1.6885	84.31	2.330E-01	4.26E-03
1.6979	84.31	2.180E-01	5.31E-03
1.7064	84.31	1.700E-01	5.31E-03
1.7181	84.31	1.130E-01	5.31E-03
1.7286	84.31	8.080E-02	3.19E-03
1.7379	84.31	9.680E-02	4.26E-03
1.7482	84.31	1.540E-01	6.37E-03
1.7574	84.31	2.250E-01	5.31E-03
1.7667	84.31	2.400E-01	5.31E-03
1.7781	84.31	2.500E-01	5.31E-03
1.7980	84.31	2.480E-01	6.37E-03
1.8982	84.31	2.010E-01	5.31E-03
1.9985	84.31	1.800E-01	6.37E-03
0.7020	114.52	3.710E-01	4.97E-03
0.7521	114.52	3.350E-01	7.96E-03
0.8012	114.52	3.120E-01	6.96E-03
0.8514	114.52	2.770E-01	5.96E-03
0.8995	114.52	2.620E-01	5.96E-03
0.9496	114.52	2.450E-01	5.96E-03
0.9976	114.52	2.380E-01	5.96E-03
1.0488	114.52	2.300E-01	5.96E-03
1.1479	114.52	2.080E-01	3.97E-03
1.2481	114.52	1.890E-01	5.96E-03
1.3494	114.52	1.730E-01	4.97E-03
1.4485	114.52	1.620E-01	4.12E-03
1.5487	114.52	1.500E-01	3.85E-03
1.5977	114.52	1.370E-01	3.53E-03
1.6176	114.52	1.290E-01	3.30E-03
1.6374	114.52	1.160E-01	2.97E-03
1.6563	114.52	9.220E-02	2.36E-03
1.6678	114.52	6.940E-02	1.77E-03
1.6773	114.52	4.560E-02	1.17E-03
1.6878	114.52	2.370E-02	6.06E-04
1.6930	114.52	2.170E-02	5.56E-04
1.6972	114.52	2.470E-02	6.32E-04
1.7075	114.52	4.470E-02	1.14E-03
1.7179	114.52	7.950E-02	2.03E-03
1.7272	114.52	1.240E-01	4.97E-03
1.7374	114.52	1.800E-01	3.97E-03
1.7467	114.52	2.210E-01	5.96E-03
1.7571	114.52	2.380E-01	4.97E-03
1.7676	114.52	2.230E-01	4.97E-03
1.7770	114.52	2.110E-01	4.97E-03
1.7969	114.52	1.940E-01	4.97E-03
1.8981	114.52	1.610E-01	4.97E-03
1.9983	114.52	1.480E-01	5.96E-03
0.2978	144.08	6.570E-01	9.54E-03
0.3374	144.08	4.630E-01	7.97E-03
0.3678	144.08	3.600E-01	1.01E-02
0.3976	144.08	2.360E-01	6.60E-03
0.4079	144.08	1.870E-01	5.21E-03
0.4177	144.08	1.410E-01	3.96E-03
0.4275	144.08	9.890E-02	2.76E-03
0.4326	144.08	8.090E-02	2.26E-03
0.4378	144.08	7.460E-02	2.09E-03
0.4429	144.08	1.030E-01	2.89E-03
0.4490	144.08	1.870E-01	1.12E-02
0.4532	144.08	3.240E-01	1.75E-02
0.4584	144.08	5.260E-01	1.75E-02
0.4636	144.08	7.070E-01	1.43E-02
0.4683	144.08	7.810E-01	9.54E-03
0.4734	144.08	8.060E-01	7.96E-03
0.4781	144.08	8.010E-01	1.12E-02
0.4837	144.08	7.450E-01	1.12E-02
0.4888	144.08	7.150E-01	7.97E-03
0.4986	144.08	6.330E-01	9.54E-03
0.5084	144.08	5.730E-01	7.96E-03
0.5186	144.08	5.340E-01	6.38E-03
0.5387	144.08	4.580E-01	7.96E-03
0.5588	144.08	4.120E-01	6.38E-03
0.5784	144.08	3.830E-01	6.38E-03
0.6083	144.08	3.440E-01	7.96E-03
0.6386	144.08	3.080E-01	6.38E-03
0.7017	144.08	2.750E-01	5.59E-03
0.7497	144.08	2.430E-01	5.59E-03
0.7988	144.08	2.330E-01	5.59E-03
0.8489	144.08	2.120E-01	5.59E-03
0.8979	144.08	2.050E-01	5.59E-03
0.9480	144.08	1.940E-01	4.66E-03
0.9981	144.08	1.870E-01	4.66E-03
1.0462	144.08	1.830E-01	5.13E-03
1.1463	144.08	1.670E-01	4.66E-03
1.2454	144.08	1.570E-01	4.40E-03
1.3466	144.08	1.560E-01	4.38E-03
1.5459	144.08	1.530E-01	4.66E-03
1.5959	144.08	1.470E-01	4.13E-03
1.6356	144.08	1.260E-01	3.53E-03
1.6545	144.08	8.500E-02	3.72E-03
1.6650	144.08	5.430E-02	3.72E-03
1.6744	144.08	9.630E-03	2.69E-04
1.6839	144.08	2.170E-03	6.08E-05
1.6942	144.08	6.180E-02	5.59E-03
1.7043	144.08	2.160E-01	8.38E-03
1.7135	144.08	3.590E-01	1.02E-02
1.7237	144.08	5.110E-01	6.52E-03
1.7341	144.08	5.150E-01	1.02E-02
1.7436	144.08	4.160E-01	7.45E-03
1.7544	144.08	2.720E-01	8.38E-03
1.7639	144.08	1.830E-01	6.52E-03
1.7744	144.08	1.260E-01	6.52E-03
1.7943	144.08	8.430E-02	2.36E-03
1.8944	144.08	8.070E-02	4.66E-03
1.9967	144.08	8.550E-02	2.39E-03

