1.05710	0	2.03604E-08	1.14537E-09
1.20019	0	2.34773E-08	1.27572E-09
1.24415	0	2.57297E-08	1.36827E-09
1.29910	0	2.92485E-08	1.58431E-09
1.34948	0	3.64011E-08	1.75567E-09
1.38953	0	3.91281E-08	1.80172E-09
1.42931	0	5.00639E-08	2.80362E-09
1.47094	0	7.28961E-08	3.71970E-09
1.50926	0	8.02059E-08	4.21201E-09
1.55042	0	1.20107E-07	5.95549E-09
1.58975	0	1.72745E-07	6.72618E-09
1.60945	0	2.28967E-07	8.64320E-09
1.61964	0	2.63143E-07	9.18014E-09
1.63062	0	3.34005E-07	1.20984E-08
1.63983	0	3.99603E-07	1.36317E-08
1.63998	0	3.74434E-07	1.24564E-08
1.64982	0	5.06751E-07	1.23633E-08
1.66060	0	6.64411E-07	1.81056E-08
1.67050	0	8.77977E-07	2.40434E-08
1.67920	0	1.03381E-06	2.26008E-08
1.68961	0	1.23116E-06	2.72575E-08
1.69991	0	1.14618E-06	2.64711E-08
1.70977	0	9.15592E-07	2.65542E-08
1.72058	0	6.19978E-07	1.70779E-08
1.73051	0	4.48186E-07	6.59092E-09
1.74014	0	3.13437E-07	1.10965E-08
1.76529	0	1.11206E-07	4.19662E-09
1.78857	0	5.38915E-08	2.02102E-09
1.81391	0	2.72941E-08	1.64625E-09
1.83639	0	1.73526E-08	1.24367E-09
1.86335	0	1.15088E-08	8.59480E-10
1.89003	0	8.55454E-09	8.52330E-10
1.91118	0	1.03633E-08	9.78120E-10
1.93704	0	1.26930E-08	1.03736E-09
1.96754	0	1.14808E-08	8.94951E-10
1.99178	0	1.48560E-08	1.21453E-09
2.01818	0	1.63130E-08	1.30385E-09
2.03666	0	1.72316E-08	1.05189E-09
2.06760	0	2.11222E-08	1.28454E-09
2.09347	0	1.87450E-08	1.35457E-09
2.11967	0	2.31765E-08	1.60082E-09
2.14293	0	2.89930E-08	1.76709E-09
2.16579	0	2.51223E-08	1.91421E-09
2.21697	0	3.47090E-08	2.02505E-09
2.26395	0	2.83113E-08	1.80733E-09
2.31771	0	3.75601E-08	2.34735E-09
2.36611	0	3.54434E-08	2.48425E-09
2.42749	0	4.32526E-08	2.78650E-09
2.47590	0	5.09509E-08	3.11442E-09
2.53943	0	5.18341E-08	3.17878E-09
1.05697	55	2.14859E-08	1.13096E-09
1.19993	55	3.24146E-08	1.42562E-09
1.24033	55	3.70331E-08	1.46702E-09
1.28034	55	3.84277E-08	1.64073E-09
1.29977	55	4.37052E-08	1.62941E-09
1.32139	55	4.94954E-08	1.91157E-09
1.35071	55	4.88362E-08	1.95648E-09
1.37081	55	5.35732E-08	2.33520E-09
1.39064	55	6.63891E-08	2.95949E-09
1.41131	55	6.63802E-08	2.63322E-09
1.43114	55	7.65877E-08	2.86650E-09
1.47052	55	8.83078E-08	2.93017E-09
1.49163	55	1.07986E-07	3.54943E-09
1.51114	55	1.25944E-07	4.46105E-09
1.52933	55	1.53700E-07	5.29486E-09
1.55056	55	1.77064E-07	6.14129E-09
1.56987	55	2.28905E-07	7.88027E-09
1.58039	55	2.52119E-07	8.79490E-09
1.58975	55	2.89636E-07	9.97281E-09
1.60063	55	3.77687E-07	1.24641E-08
1.60990	55	4.38408E-07	1.42212E-08
1.62069	55	5.29120E-07	1.73550E-08
1.63062	55	6.18371E-07	1.96205E-08
1.63968	55	7.76354E-07	2.31909E-08
1.65058	55	1.02709E-06	3.17459E-08
1.66044	55	1.39385E-06	3.62775E-08
1.67019	55	1.85384E-06	4.66509E-08
1.67905	55	2.48788E-06	5.30666E-08
1.69023	55	3.11892E-06	5.86762E-08
1.70129	55	3.02399E-06	5.39660E-08
1.71008	55	2.59560E-06	5.01595E-08
1.72151	55	1.77549E-06	3.37135E-08
1.73051	55	1.30523E-06	2.94079E-08
1.73983	55	1.01434E-06	1.60873E-08
1.76388	55	5.06676E-07	1.26095E-08
1.78763	55	3.12468E-07	1.01466E-08
1.81423	55	1.96205E-07	6.87791E-09
1.83879	55	1.51279E-07	4.79142E-09
1.86384	55	1.19630E-07	4.35438E-09
1.88987	55	1.01883E-07	3.55787E-09
1.88987	55	1.08398E-07	3.96615E-09
1.91591	55	9.42057E-08	3.45875E-09
1.93704	55	8.80957E-08	3.20415E-09
1.96771	55	8.79223E-08	3.52494E-09
1.99178	55	7.69460E-08	3.31460E-09
2.01835	55	7.61082E-08	3.20452E-09
2.03683	55	6.94476E-08	3.11123E-09
2.06760	55	8.45905E-08	3.38858E-09
2.09364	55	7.95908E-08	3.36012E-09
2.11864	55	7.90536E-08	3.41289E-09
2.11984	55	7.43108E-08	3.24361E-09
2.14310	55	8.14624E-08	3.49370E-09
2.16649	55	8.35627E-08	3.63725E-09
2.19349	55	8.08198E-08	3.99727E-09
2.21978	55	8.51098E-08	4.12077E-09
2.24252	55	9.45083E-08	4.13428E-09
2.26395	55	9.93038E-08	4.22016E-09
2.28745	55	1.00276E-07	4.29359E-09
2.31717	55	9.06193E-08	4.14697E-09
2.34004	55	9.56051E-08	4.17716E-09
2.36411	55	9.56606E-08	4.11653E-09
2.39853	55	1.06440E-07	4.79580E-09
2.42492	55	1.07401E-07	4.85075E-09
2.45015	55	1.03114E-07	5.02853E-09
2.45052	55	1.08520E-07	5.23396E-09
2.47590	55	1.20041E-07	5.59428E-09
2.47664	55	1.15857E-07	5.14286E-09
2.47664	55	1.03735E-07	5.17294E-09
2.50775	55	1.34047E-07	6.03842E-09
2.50868	55	1.11738E-07	5.06872E-09
2.51074	55	1.15190E-07	5.43055E-09
2.53342	55	1.17832E-07	5.54003E-09
2.53529	55	1.00434E-07	6.37366E-09
2.53529	55	1.11192E-07	6.22195E-09
