1.7850	30.39	1.4031E+01	4.3988E-02
1.8000	30.39	1.4239E+01	5.1957E-02
1.8150	30.39	1.3330E+01	4.7201E-02
1.8300	30.39	1.3539E+01	3.6017E-02
1.8450	30.39	1.2080E+01	4.2905E-02
1.8900	30.39	1.1199E+01	4.0492E-02
1.9050	30.39	1.0263E+01	3.6487E-02
1.9200	30.39	1.0174E+01	3.6557E-02
1.9350	30.39	9.8418E+00	3.4756E-02
2.0241	30.39	9.0821E+00	3.7667E-02
2.0400	30.39	8.9655E+00	3.7704E-02
2.0547	30.39	8.5035E+00	3.5379E-02
2.0678	30.39	8.7051E+00	3.7028E-02
2.1007	30.39	8.4119E+00	3.4178E-02
2.1078	30.39	8.1507E+00	3.3284E-02
2.1297	30.39	7.6758E+00	3.1800E-02
2.1450	30.39	7.9945E+00	3.1684E-02
2.1600	30.39	7.4515E+00	3.1449E-02
2.1750	30.39	7.9546E+00	3.3028E-02
2.1900	30.39	6.8977E+00	2.6242E-02
2.2050	30.39	7.2623E+00	3.0781E-02
2.2172	30.39	6.6728E+00	2.4790E-02
2.2199	30.39	6.9994E+00	3.1425E-02
2.2342	30.39	7.0307E+00	2.8421E-02
2.2500	30.39	6.8443E+00	2.6513E-02
2.2651	30.39	7.1665E+00	2.7922E-02
2.2800	30.39	1.0411E+01	3.2870E-02
2.2950	30.39	6.8153E+00	3.3236E-02
2.3100	30.39	6.4238E+00	2.6340E-02
2.3249	30.39	6.7637E+00	2.4798E-02
2.3399	30.39	6.0114E+00	2.6989E-02
2.3546	30.39	6.4820E+00	2.8746E-02
2.3700	30.39	7.0249E+00	3.3963E-02
2.3850	30.39	6.3809E+00	3.1945E-02
2.4000	30.39	6.7515E+00	3.5977E-02
2.4150	30.39	6.2803E+00	3.1462E-02
2.4299	30.39	6.7251E+00	3.8053E-02
2.4450	30.39	7.1090E+00	2.6815E-02
2.4599	30.39	6.2308E+00	3.3787E-02
2.4750	30.39	6.2218E+00	2.9509E-02
2.4900	30.39	6.0398E+00	3.4338E-02
2.5050	30.39	5.9683E+00	2.9506E-02
2.5177	30.39	5.9020E+00	3.5968E-02
2.5350	30.39	5.6543E+00	2.4898E-02
2.5500	30.39	5.8751E+00	2.7499E-02
2.5800	30.39	5.5872E+00	2.9865E-02
2.6142	30.39	5.3825E+00	2.6054E-02
2.6401	30.39	5.2187E+00	2.6282E-02
2.6700	30.39	5.0418E+00	2.4451E-02
2.7000	30.39	4.8452E+00	2.3317E-02
2.7300	30.39	4.8049E+00	2.3756E-02
2.7526	30.39	4.7110E+00	2.3269E-02
2.7900	30.39	4.5707E+00	2.1194E-02
2.8187	30.39	4.3903E+00	2.2294E-02
2.8475	30.39	4.3310E+00	1.9577E-02
2.8800	30.39	4.2685E+00	2.1435E-02
2.9100	30.39	4.2127E+00	2.1240E-02
2.9400	30.39	4.2047E+00	2.0995E-02
2.9701	30.39	4.0604E+00	1.9569E-02
2.9985	30.39	3.8978E+00	1.7971E-02
3.0300	30.39	4.2371E+00	2.5920E-02
3.0600	30.39	4.2306E+00	2.9340E-02
3.0900	30.39	3.5344E+00	2.0153E-02
3.1200	30.39	4.0671E+00	2.6606E-02
3.1500	30.39	3.9524E+00	2.6559E-02
3.2400	30.39	3.6977E+00	2.2322E-02
3.2549	30.39	3.6554E+00	2.0233E-02
3.2700	30.39	3.7051E+00	2.2138E-02
3.2846	30.39	3.5086E+00	1.6755E-02
3.3600	30.39	3.4030E+00	2.0268E-02
3.3749	30.39	3.3190E+00	1.8414E-02
3.3825	30.39	3.2612E+00	2.0891E-02
3.4050	30.39	3.3674E+00	1.9946E-02
3.4499	30.39	3.1358E+00	1.8004E-02
3.4800	30.39	3.0301E+00	1.8312E-02
3.5100	30.39	3.1053E+00	1.8475E-02
3.6000	30.39	2.9139E+00	1.6335E-02
3.6593	30.39	2.8393E+00	2.0186E-02
3.7199	30.39	2.8163E+00	2.3152E-02
3.7499	30.39	2.7602E+00	2.0469E-02
3.7799	30.39	2.7061E+00	2.0012E-02
3.8098	30.39	2.7335E+00	1.5080E-02
3.8398	30.39	2.6699E+00	1.8820E-02
3.8699	30.39	2.6371E+00	1.9878E-02
3.9000	30.39	2.5430E+00	2.1187E-02
3.9299	30.39	2.4663E+00	1.8107E-02
3.9599	30.39	2.5104E+00	1.5885E-02
3.9900	30.39	2.4310E+00	2.2289E-02
4.0077	30.39	2.4016E+00	2.0502E-02
1.7850	32.94	1.0626E+01	3.5986E-02
1.8000	32.94	1.0763E+01	4.2468E-02
1.8150	32.94	1.0156E+01	3.8732E-02
1.8300	32.94	1.0272E+01	2.9493E-02
1.8450	32.94	9.0354E+00	3.4884E-02
1.8900	32.94	8.2919E+00	3.2754E-02
1.9050	32.94	7.0699E+00	2.8469E-02
1.9200	32.94	7.6935E+00	2.9886E-02
1.9350	32.94	7.3879E+00	2.8309E-02
2.0241	32.94	6.8295E+00	3.0707E-02
2.0400	32.94	6.5067E+00	3.0196E-02
2.0547	32.94	5.9247E+00	2.7762E-02
2.0678	32.94	6.5209E+00	3.0128E-02
2.1007	32.94	6.0312E+00	2.7207E-02
2.1078	32.94	5.9162E+00	2.6658E-02
2.1297	32.94	5.7957E+00	2.5977E-02
2.1450	32.94	5.9490E+00	2.5694E-02
2.1600	32.94	5.5545E+00	2.5526E-02
2.1750	32.94	5.5919E+00	2.6033E-02
2.1900	32.94	5.1212E+00	2.1257E-02
2.2050	32.94	5.3235E+00	2.4775E-02
2.2172	32.94	4.7939E+00	1.9753E-02
2.2199	32.94	5.3576E+00	2.5846E-02
2.2342	32.94	5.3121E+00	2.3224E-02
2.2500	32.94	5.0389E+00	2.1386E-02
2.2651	32.94	5.3749E+00	2.2733E-02
2.2800	32.94	7.6175E+00	2.6432E-02
2.2950	32.94	5.0954E+00	2.7017E-02
2.3100	32.94	4.5683E+00	2.0881E-02
2.3249	32.94	5.0418E+00	2.0128E-02
2.3399	32.94	4.5045E+00	2.1963E-02
2.3546	32.94	4.7114E+00	2.3039E-02
2.3700	32.94	5.3166E+00	2.7777E-02
2.3850	32.94	4.6230E+00	2.5562E-02
2.4000	32.94	4.9990E+00	2.9103E-02
2.4150	32.94	4.5261E+00	2.5109E-02
2.4299	32.94	4.9918E+00	3.0821E-02
2.4450	32.94	5.3076E+00	2.1782E-02
2.4599	32.94	4.5925E+00	2.7269E-02
2.4750	32.94	4.5289E+00	2.3668E-02
2.4900	32.94	4.5276E+00	2.7949E-02
2.5050	32.94	4.3454E+00	2.3668E-02
2.5177	32.94	4.2673E+00	2.8752E-02
2.5350	32.94	4.0940E+00	1.9917E-02
2.5500	32.94	4.3186E+00	2.2164E-02
2.5800	32.94	4.0728E+00	2.3971E-02
2.6142	32.94	3.9350E+00	2.0943E-02
2.6401	32.94	3.7297E+00	2.0887E-02
2.6700	32.94	3.6820E+00	1.9644E-02
2.7000	32.94	3.5574E+00	1.8782E-02
2.7300	32.94	3.5282E+00	1.9137E-02
2.7526	32.94	3.3446E+00	1.8432E-02
2.7900	32.94	3.3794E+00	1.7132E-02
2.8187	32.94	3.1302E+00	1.7697E-02
2.8475	32.94	3.1837E+00	1.5780E-02
2.8800	32.94	3.0632E+00	1.7070E-02
2.9100	32.94	3.1423E+00	1.7245E-02
2.9400	32.94	3.0845E+00	1.6904E-02
2.9701	32.94	3.0478E+00	1.5938E-02
2.9985	32.94	2.8194E+00	1.4369E-02
3.0300	32.94	3.0659E+00	2.0728E-02
3.0600	32.94	3.1716E+00	2.3881E-02
3.0900	32.94	2.6425E+00	1.6382E-02
3.1200	32.94	3.0423E+00	2.1633E-02
3.1500	32.94	2.9213E+00	2.1466E-02
3.2400	32.94	2.6482E+00	1.7759E-02
3.2549	32.94	2.6678E+00	1.6250E-02
3.2700	32.94	2.6875E+00	1.7725E-02
3.2846	32.94	2.5885E+00	1.3530E-02
3.3600	32.94	2.5186E+00	1.6392E-02
3.3749	32.94	2.4745E+00	1.4947E-02
3.3825	32.94	2.4589E+00	1.7054E-02
3.4050	32.94	2.4852E+00	1.6109E-02
3.4499	32.94	2.3421E+00	1.4627E-02
3.4800	32.94	2.2735E+00	1.4912E-02
3.5100	32.94	2.3403E+00	1.5078E-02
3.6000	32.94	2.1336E+00	1.3141E-02
3.6593	32.94	2.1816E+00	1.6635E-02
3.7199	32.94	2.1780E+00	1.9140E-02
3.7499	32.94	2.0836E+00	1.6719E-02
3.7799	32.94	2.0271E+00	1.6282E-02
3.8098	32.94	2.0338E+00	1.2228E-02
3.8398	32.94	1.9974E+00	1.5303E-02
3.8699	32.94	1.9891E+00	1.6229E-02
3.9000	32.94	1.9515E+00	1.7448E-02
3.9299	32.94	1.9537E+00	1.5150E-02
3.9599	32.94	1.7942E+00	1.2625E-02
3.9900	32.94	1.8055E+00	1.8058E-02
4.0077	32.94	1.7715E+00	1.6554E-02
1.7850	35.52	8.6538E+00	3.2476E-02
1.8000	35.52	8.3046E+00	3.7303E-02
1.8150	35.52	7.9251E+00	3.4214E-02
1.8300	35.52	7.8937E+00	2.5854E-02
1.8450	35.52	6.9883E+00	3.0679E-02
1.8900	35.52	6.3382E+00	2.8637E-02
1.9050	35.52	5.8295E+00	2.5851E-02
1.9200	35.52	5.7699E+00	2.5881E-02
1.9350	35.52	5.5867E+00	2.4617E-02
2.0241	35.52	5.0244E+00	2.6338E-02
2.0400	35.52	5.0656E+00	2.6643E-02
2.0547	35.52	4.7433E+00	2.4841E-02
2.0678	35.52	4.9659E+00	2.6292E-02
2.1007	35.52	4.6289E+00	2.3835E-02
2.1078	35.52	4.4610E+00	2.3149E-02
2.1297	35.52	4.2904E+00	2.2350E-02
2.1450	35.52	4.4324E+00	2.2178E-02
2.1600	35.52	4.2554E+00	2.2342E-02
2.1750	35.52	4.3969E+00	2.3085E-02
2.1900	35.52	3.8822E+00	1.8508E-02
2.2050	35.52	3.9477E+00	2.1335E-02
2.2172	35.52	3.6950E+00	1.7342E-02
2.2199	35.52	4.0443E+00	2.2456E-02
2.2342	35.52	3.9502E+00	2.0027E-02
2.2500	35.52	3.7842E+00	1.8533E-02
2.2651	35.52	3.9415E+00	1.9467E-02
2.2800	35.52	5.7005E+00	2.2866E-02
2.2950	35.52	3.5445E+00	2.2533E-02
2.3100	35.52	3.5430E+00	1.8389E-02
2.3249	35.52	3.6964E+00	1.7234E-02
2.3399	35.52	3.3924E+00	1.9060E-02
2.3546	35.52	3.5347E+00	1.9956E-02
2.3700	35.52	3.8740E+00	2.3711E-02
2.3850	35.52	3.5028E+00	2.2251E-02
2.4000	35.52	3.6849E+00	2.4987E-02
2.4150	35.52	3.3913E+00	2.1735E-02
2.4299	35.52	3.7290E+00	2.6639E-02
2.4450	35.52	3.9771E+00	1.8855E-02
2.4599	35.52	3.5484E+00	2.3970E-02
2.4750	35.52	3.4490E+00	2.0654E-02
2.4900	35.52	3.3872E+00	2.4174E-02
2.5050	35.52	3.2835E+00	2.0574E-02
2.5177	35.52	3.2003E+00	2.4899E-02
2.5350	35.52	3.1095E+00	1.7357E-02
2.5500	35.52	3.2608E+00	1.9260E-02
2.5800	35.52	3.0167E+00	2.0630E-02
2.6142	35.52	2.7262E+00	1.7431E-02
2.6401	35.52	2.8526E+00	1.8267E-02
2.6700	35.52	2.8190E+00	1.7188E-02
2.7000	35.52	2.6778E+00	1.6296E-02
2.7300	35.52	2.4343E+00	1.5896E-02
2.7526	35.52	2.5806E+00	1.6190E-02
2.7900	35.52	2.5537E+00	1.4893E-02
2.8187	35.52	2.4143E+00	1.5542E-02
2.8475	35.52	2.3423E+00	1.3535E-02
2.8800	35.52	2.4160E+00	1.5160E-02
2.9100	35.52	2.3606E+00	1.4947E-02
2.9400	35.52	2.3070E+00	1.4620E-02
2.9701	35.52	2.2164E+00	1.3592E-02
2.9985	35.52	2.2020E+00	1.2698E-02
3.0300	35.52	2.3949E+00	1.8320E-02
3.0600	35.52	2.3436E+00	2.0529E-02
3.0900	35.52	2.0639E+00	1.4477E-02
3.1200	35.52	2.3350E+00	1.8952E-02
3.1500	35.52	2.2181E+00	1.8705E-02
3.2400	35.52	2.0828E+00	1.5749E-02
3.2549	35.52	1.9650E+00	1.3946E-02
3.2700	35.52	2.0530E+00	1.5492E-02
3.2846	35.52	1.9716E+00	1.1808E-02
3.3600	35.52	1.9460E+00	1.4409E-02
3.3749	35.52	1.8193E+00	1.2816E-02
3.3825	35.52	1.8180E+00	1.4664E-02
3.4050	35.52	1.9333E+00	1.4208E-02
3.4499	35.52	1.7632E+00	1.2691E-02
3.4800	35.52	1.7456E+00	1.3067E-02
3.5100	35.52	1.7920E+00	1.3194E-02
3.6000	35.52	1.6761E+00	1.1647E-02
3.6593	35.52	1.6275E+00	1.4368E-02
3.7199	35.52	1.6468E+00	1.6643E-02
3.7499	35.52	1.6266E+00	1.4772E-02
3.7799	35.52	1.5557E+00	1.4264E-02
3.8098	35.52	1.5713E+00	1.0748E-02
3.8398	35.52	1.5089E+00	1.3301E-02
3.8699	35.52	1.4731E+00	1.3967E-02
3.9000	35.52	1.4066E+00	1.4813E-02
3.9299	35.52	1.4561E+00	1.3079E-02
3.9599	35.52	1.4631E+00	1.1401E-02
3.9900	35.52	1.3836E+00	1.5808E-02
4.0077	35.52	1.4155E+00	1.4797E-02
1.7850	42.96	4.5179E+00	2.3465E-02
1.8000	42.96	4.3665E+00	2.7049E-02
1.8150	42.96	4.0303E+00	2.4399E-02
1.8300	42.96	4.0655E+00	1.8555E-02
1.8450	42.96	3.5620E+00	2.1903E-02
1.8900	42.96	3.2898E+00	2.0631E-02
1.9050	42.96	3.0085E+00	1.8571E-02
1.9200	42.96	2.9602E+00	1.8538E-02
1.9350	42.96	2.8258E+00	1.7508E-02
2.0241	42.96	2.6905E+00	1.9273E-02
2.0400	42.96	2.5231E+00	1.8804E-02
2.0547	42.96	2.4910E+00	1.8001E-02
2.0678	42.96	2.5198E+00	1.8728E-02
2.1007	42.96	2.3645E+00	1.7035E-02
2.1078	42.96	2.3248E+00	1.6711E-02
2.1297	42.96	2.2160E+00	1.6062E-02
2.1450	42.96	2.2230E+00	1.5707E-02
2.1600	42.96	2.2002E+00	1.6065E-02
2.1750	42.96	2.3001E+00	1.6696E-02
2.1900	42.96	1.9786E+00	1.3212E-02
2.2050	42.96	2.1590E+00	1.5778E-02
2.2172	42.96	1.8833E+00	1.2381E-02
2.2199	42.96	2.0727E+00	1.6076E-02
2.2342	42.96	2.0263E+00	1.4344E-02
2.2500	42.96	1.9720E+00	1.3379E-02
2.2651	42.96	2.1109E+00	1.4246E-02
2.2800	42.96	2.9313E+00	1.6397E-02
2.2950	42.96	2.0318E+00	1.7060E-02
2.3100	42.96	1.8222E+00	1.3188E-02
2.3249	42.96	1.9711E+00	1.2585E-02
2.3399	42.96	1.7901E+00	1.3846E-02
2.3546	42.96	1.8753E+00	1.4535E-02
2.3700	42.96	2.0045E+00	1.7055E-02
2.3850	42.96	1.8163E+00	1.6022E-02
2.4000	42.96	1.9741E+00	1.8289E-02
2.4150	42.96	1.8599E+00	1.6096E-02
2.4299	42.96	1.9412E+00	1.9220E-02
2.4450	42.96	2.0453E+00	1.3522E-02
2.4599	42.96	1.8102E+00	1.7120E-02
2.4750	42.96	1.7807E+00	1.4841E-02
2.4900	42.96	1.7552E+00	1.7402E-02
2.5050	42.96	1.7390E+00	1.4973E-02
2.5177	42.96	1.7011E+00	1.8153E-02
2.5350	42.96	1.6129E+00	1.2501E-02
2.5500	42.96	1.7602E+00	1.4150E-02
2.5800	42.96	1.6306E+00	1.5168E-02
2.6142	42.96	1.5474E+00	1.3133E-02
2.6401	42.96	1.5050E+00	1.3268E-02
2.6700	42.96	1.5006E+00	1.2541E-02
2.7000	42.96	1.4149E+00	1.1845E-02
2.7300	42.96	1.4167E+00	1.2126E-02
2.7526	42.96	1.3879E+00	1.1873E-02
2.7900	42.96	1.3438E+00	1.0803E-02
2.8187	42.96	1.2496E+00	1.1182E-02
2.8475	42.96	1.2876E+00	1.0035E-02
2.8800	42.96	1.2449E+00	1.0882E-02
2.9100	42.96	1.2707E+00	1.0966E-02
2.9400	42.96	1.2379E+00	1.0709E-02
2.9701	42.96	1.2148E+00	1.0062E-02
2.9985	42.96	1.1713E+00	9.2612E-03
3.0300	42.96	1.2302E+00	1.3130E-02
3.0600	42.96	1.2742E+00	1.5137E-02
3.0900	42.96	1.0829E+00	1.0487E-02
3.1200	42.96	1.2337E+00	1.3776E-02
3.1500	42.96	1.2027E+00	1.3773E-02
3.2400	42.96	1.1165E+00	1.1531E-02
3.2549	42.96	1.1227E+00	1.0542E-02
3.2700	42.96	1.1161E+00	1.1423E-02
3.2846	42.96	1.0790E+00	8.7351E-03
3.3600	42.96	1.0290E+00	1.0478E-02
3.3749	42.96	1.0186E+00	9.5898E-03
3.3825	42.96	9.9267E-01	1.0835E-02
3.4050	42.96	1.0149E+00	1.0295E-02
3.4499	42.96	9.7397E-01	9.4324E-03
3.4800	42.96	9.3867E-01	9.5818E-03
3.5100	42.96	9.5026E-01	9.6079E-03
3.6000	42.96	8.9592E-01	8.5152E-03
3.6593	42.96	9.0741E-01	1.0728E-02
3.7199	42.96	9.1169E-01	1.2384E-02
3.7499	42.96	8.8074E-01	1.0870E-02
3.7799	42.96	8.6464E-01	1.0634E-02
3.8098	42.96	8.6075E-01	7.9552E-03
3.8398	42.96	8.5743E-01	1.0027E-02
3.8699	42.96	8.3965E-01	1.0544E-02
3.9000	42.96	7.9922E-01	1.1166E-02
3.9299	42.96	8.0428E-01	9.7205E-03
3.9599	42.96	8.0190E-01	8.4401E-03
3.9900	42.96	7.7551E-01	1.1835E-02
4.0077	42.96	7.7912E-01	1.0978E-02
1.7850	45.57	3.5253E+00	2.0728E-02
1.8000	45.57	3.5290E+00	2.4317E-02
1.8150	45.57	3.3208E+00	2.2148E-02
1.8300	45.57	3.3021E+00	1.6722E-02
1.8450	45.57	2.8809E+00	1.9698E-02
1.8900	45.57	2.6935E+00	1.8668E-02
1.9050	45.57	2.3383E+00	1.6373E-02
1.9200	45.57	2.4037E+00	1.6705E-02
1.9350	45.57	2.1303E+00	1.5201E-02
2.0241	45.57	2.1516E+00	1.7235E-02
2.0400	45.57	2.1344E+00	1.7295E-02
2.0547	45.57	2.0536E+00	1.6345E-02
2.0678	45.57	2.0263E+00	1.6795E-02
2.1007	45.57	1.9731E+00	1.5562E-02
2.1078	45.57	1.8937E+00	1.5082E-02
2.1297	45.57	1.8191E+00	1.4553E-02
2.1450	45.57	1.8626E+00	1.4377E-02
2.1600	45.57	1.7661E+00	1.4393E-02
2.1750	45.57	1.8325E+00	1.4903E-02
2.1900	45.57	1.6352E+00	1.2011E-02
2.2050	45.57	1.6035E+00	1.3597E-02
2.2172	45.57	1.5716E+00	1.1310E-02
2.2199	45.57	1.6905E+00	1.4519E-02
2.2342	45.57	1.6545E+00	1.2961E-02
2.2500	45.57	1.5669E+00	1.1926E-02
2.2651	45.57	1.7537E+00	1.2985E-02
2.2800	45.57	2.3142E+00	1.4569E-02
2.2950	45.57	1.6301E+00	1.5281E-02
2.3100	45.57	1.4925E+00	1.1936E-02
2.3249	45.57	1.6255E+00	1.1429E-02
2.3399	45.57	1.4520E+00	1.2470E-02
2.3546	45.57	1.5379E+00	1.3163E-02
2.3700	45.57	1.6584E+00	1.5513E-02
2.3850	45.57	1.5272E+00	1.4692E-02
2.4000	45.57	1.6262E+00	1.6599E-02
2.4150	45.57	1.5089E+00	1.4497E-02
2.4299	45.57	1.4735E+00	1.6745E-02
2.4450	45.57	1.6752E+00	1.2237E-02
2.4599	45.57	1.4900E+00	1.5532E-02
2.4750	45.57	1.4772E+00	1.3517E-02
2.4900	45.57	1.4691E+00	1.5921E-02
2.5050	45.57	1.4369E+00	1.3610E-02
2.5177	45.57	1.2708E+00	1.5690E-02
2.5350	45.57	1.3823E+00	1.1573E-02
2.5500	45.57	1.4180E+00	1.2701E-02
2.5800	45.57	1.3514E+00	1.3808E-02
2.6142	45.57	1.2957E+00	1.2017E-02
2.6401	45.57	1.2683E+00	1.2180E-02
2.6700	45.57	1.2097E+00	1.1260E-02
2.7000	45.57	1.1747E+00	1.0793E-02
2.7300	45.57	1.1529E+00	1.0939E-02
2.7526	45.57	1.1502E+00	1.0809E-02
2.7900	45.57	1.1067E+00	9.8038E-03
2.8187	45.57	1.0723E+00	1.0358E-02
2.8475	45.57	1.0680E+00	9.1393E-03
2.8800	45.57	1.0336E+00	9.9158E-03
2.9100	45.57	1.0662E+00	1.0045E-02
2.9400	45.57	1.0530E+00	9.8769E-03
2.9701	45.57	9.0282E-01	8.6745E-03
2.9985	45.57	9.5218E-01	8.3502E-03
3.0300	45.57	1.0489E+00	1.2124E-02
3.0600	45.57	1.0969E+00	1.4045E-02
3.0900	45.57	9.1551E-01	9.6423E-03
3.1200	45.57	1.0060E+00	1.2440E-02
3.1500	45.57	9.7808E-01	1.2421E-02
3.2400	45.57	9.3212E-01	1.0536E-02
3.2549	45.57	8.9112E-01	9.3917E-03
3.2700	45.57	9.2471E-01	1.0397E-02
3.2846	45.57	9.0376E-01	7.9944E-03
3.3600	45.57	8.7283E-01	9.6499E-03
3.3749	45.57	8.5527E-01	8.7874E-03
3.3825	45.57	8.3950E-01	9.9645E-03
3.4050	45.57	7.6172E-01	8.9183E-03
3.4499	45.57	7.8633E-01	8.4753E-03
3.4800	45.57	7.9069E-01	8.7941E-03
3.5100	45.57	7.8764E-01	8.7473E-03
3.6000	45.57	7.4684E-01	7.7746E-03
3.6593	45.57	7.5330E-01	9.7749E-03
3.7199	45.57	6.9689E-01	1.0827E-02
3.7499	45.57	7.5087E-01	1.0037E-02
3.7799	45.57	7.2509E-01	9.7382E-03
3.8098	45.57	7.2877E-01	7.3200E-03
3.8398	45.57	7.0993E-01	9.1235E-03
3.8699	45.57	7.1054E-01	9.6998E-03
3.9000	45.57	6.2746E-01	9.8938E-03
3.9299	45.57	6.8574E-01	8.9756E-03
3.9599	45.57	6.7958E-01	7.7698E-03
3.9900	45.57	6.4204E-01	1.0768E-02
4.0077	45.57	6.5074E-01	1.0033E-02
1.7850	52.98	2.1343E+00	1.6128E-02
1.8000	52.98	2.1150E+00	1.8825E-02
1.8150	52.98	1.9773E+00	1.7090E-02
1.8300	52.98	2.0040E+00	1.3027E-02
1.8450	52.98	1.7851E+00	1.5505E-02
1.8900	52.98	1.6354E+00	1.4546E-02
1.9050	52.98	1.4903E+00	1.3071E-02
1.9200	52.98	1.5084E+00	1.3233E-02
1.9350	52.98	1.4652E+00	1.2607E-02
2.0241	52.98	1.2692E+00	1.3238E-02
2.0400	52.98	1.3708E+00	1.3860E-02
2.0547	52.98	1.3297E+00	1.3152E-02
2.0678	52.98	1.3395E+00	1.3655E-02
2.1007	52.98	1.2673E+00	1.2471E-02
2.1078	52.98	1.2057E+00	1.2034E-02
2.1297	52.98	1.1861E+00	1.1751E-02
2.1450	52.98	1.2023E+00	1.1551E-02
2.1600	52.98	1.1743E+00	1.1737E-02
2.1750	52.98	1.2197E+00	1.2159E-02
2.1900	52.98	1.0555E+00	9.6502E-03
2.2050	52.98	1.1316E+00	1.1422E-02
2.2172	52.98	1.0365E+00	9.1849E-03
2.2199	52.98	1.1071E+00	1.1749E-02
2.2342	52.98	1.0006E+00	1.0079E-02
2.2500	52.98	1.0762E+00	9.8834E-03
2.2651	52.98	1.0674E+00	1.0130E-02
2.2800	52.98	1.4854E+00	1.1672E-02
2.2950	52.98	1.0484E+00	1.2255E-02
2.3100	52.98	9.8731E-01	9.7075E-03
2.3249	52.98	1.0769E+00	9.3023E-03
2.3399	52.98	9.7730E-01	1.0230E-02
2.3546	52.98	1.0175E+00	1.0707E-02
2.3700	52.98	1.1290E+00	1.2800E-02
2.3850	52.98	9.8078E-01	1.1774E-02
2.4000	52.98	1.0512E+00	1.3346E-02
2.4150	52.98	1.0132E+00	1.1880E-02
2.4299	52.98	1.0862E+00	1.4377E-02
2.4450	52.98	1.1415E+00	1.0101E-02
2.4599	52.98	1.0172E+00	1.2833E-02
2.4750	52.98	9.7761E-01	1.0996E-02
2.4900	52.98	8.9286E-01	1.2412E-02
2.5050	52.98	9.7564E-01	1.1215E-02
2.5177	52.98	9.6513E-01	1.3674E-02
2.5350	52.98	9.1784E-01	9.4302E-03
2.5500	52.98	9.4847E-01	1.0387E-02
2.5800	52.98	9.0011E-01	1.1269E-02
2.6142	52.98	8.5689E-01	9.7728E-03
2.6401	52.98	8.2349E-01	9.8146E-03
2.6700	52.98	8.2823E-01	9.3166E-03
2.7000	52.98	7.9195E-01	8.8620E-03
2.7300	52.98	7.8047E-01	9.0006E-03
2.7526	52.98	7.5998E-01	8.7860E-03
2.7900	52.98	7.5387E-01	8.0916E-03
2.8187	52.98	6.6483E-01	8.1558E-03
2.8475	52.98	7.1469E-01	7.4764E-03
2.8800	52.98	7.1651E-01	8.2560E-03
2.9100	52.98	7.0178E-01	8.1498E-03
2.9400	52.98	6.8390E-01	7.9598E-03
2.9701	52.98	6.9553E-01	7.6139E-03
2.9985	52.98	6.5898E-01	6.9466E-03
3.0300	52.98	7.3697E-01	1.0162E-02
3.0600	52.98	7.1984E-01	1.1377E-02
3.0900	52.98	6.1806E-01	7.9225E-03
3.1200	52.98	6.9220E-01	1.0319E-02
3.1500	52.98	6.6909E-01	1.0273E-02
3.2400	52.98	6.2106E-01	8.6001E-03
3.2549	52.98	6.3941E-01	7.9555E-03
3.2700	52.98	6.3561E-01	8.6201E-03
3.2846	52.98	6.0929E-01	6.5641E-03
3.3600	52.98	6.0120E-01	8.0088E-03
3.3749	52.98	5.6600E-01	7.1485E-03
3.3825	52.98	5.8533E-01	8.3204E-03
3.4050	52.98	6.0113E-01	7.9226E-03
3.4499	52.98	5.5586E-01	7.1258E-03
3.4800	52.98	5.2572E-01	7.1708E-03
3.5100	52.98	5.5246E-01	7.3258E-03
3.6000	52.98	5.1562E-01	6.4599E-03
3.6593	52.98	5.2232E-01	8.1395E-03
3.7199	52.98	5.3070E-01	9.4482E-03
3.7499	52.98	5.0107E-01	8.1989E-03
3.7799	52.98	5.0942E-01	8.1624E-03
3.8098	52.98	5.1136E-01	6.1317E-03
3.8398	52.98	4.8810E-01	7.5649E-03
3.8699	52.98	5.0490E-01	8.1766E-03
3.9000	52.98	4.6490E-01	8.5163E-03
3.9299	52.98	4.6711E-01	7.4078E-03
3.9599	52.98	4.9578E-01	6.6364E-03
3.9900	52.98	4.4176E-01	8.9321E-03
4.0077	52.98	4.2800E-01	8.1365E-03
1.7850	55.53	1.7935E+00	1.4785E-02
1.8000	55.53	1.7941E+00	1.7338E-02
1.8150	55.53	1.6835E+00	1.5769E-02
1.8300	55.53	1.7295E+00	1.2102E-02
1.8450	55.53	1.5449E+00	1.4425E-02
1.8900	55.53	1.4337E+00	1.3620E-02
1.9050	55.53	1.3080E+00	1.2246E-02
1.9200	55.53	1.3436E+00	1.2489E-02
1.9350	55.53	1.2941E+00	1.1848E-02
2.0241	55.53	1.2166E+00	1.2960E-02
2.0400	55.53	1.1864E+00	1.2894E-02
2.0547	55.53	1.1819E+00	1.2400E-02
2.0678	55.53	1.1963E+00	1.2904E-02
2.1007	55.53	1.1265E+00	1.1758E-02
2.1078	55.53	1.0818E+00	1.1399E-02
2.1297	55.53	1.0562E+00	1.1089E-02
2.1450	55.53	1.0796E+00	1.0946E-02
2.1600	55.53	1.0504E+00	1.1100E-02
2.1750	55.53	1.0682E+00	1.1378E-02
2.1900	55.53	9.8888E-01	9.3407E-03
2.2050	55.53	1.0193E+00	1.0841E-02
2.2172	55.53	9.1869E-01	8.6473E-03
2.2199	55.53	9.9302E-01	1.1127E-02
2.2342	55.53	1.0059E+00	1.0106E-02
2.2500	55.53	9.5071E-01	9.2895E-03
2.2651	55.53	1.0238E+00	9.9211E-03
2.2800	55.53	1.3241E+00	1.1020E-02
2.2950	55.53	9.8267E-01	1.1864E-02
2.3100	55.53	8.9062E-01	9.2199E-03
2.3249	55.53	9.6368E-01	8.7997E-03
2.3399	55.53	8.4686E-01	9.5231E-03
2.3546	55.53	9.5775E-01	1.0388E-02
2.3700	55.53	1.0007E+00	1.2051E-02
2.3850	55.53	9.1845E-01	1.1394E-02
2.4000	55.53	9.8255E-01	1.2903E-02
2.4150	55.53	9.2896E-01	1.1375E-02
2.4299	55.53	9.8839E-01	1.3714E-02
2.4450	55.53	1.0314E+00	9.6018E-03
2.4599	55.53	9.2341E-01	1.2228E-02
2.4750	55.53	8.7730E-01	1.0417E-02
2.4900	55.53	8.6939E-01	1.2247E-02
2.5050	55.53	8.7199E-01	1.0603E-02
2.5177	55.53	8.6265E-01	1.2927E-02
2.5350	55.53	8.3306E-01	8.9842E-03
2.5500	55.53	8.7863E-01	9.9973E-03
2.5800	55.53	8.4015E-01	1.0887E-02
2.6142	55.53	7.5981E-01	9.2025E-03
2.6401	55.53	7.6266E-01	9.4451E-03
2.6700	55.53	7.5362E-01	8.8870E-03
2.7000	55.53	7.1579E-01	8.4251E-03
2.7300	55.53	7.0137E-01	8.5324E-03
2.7526	55.53	6.8542E-01	8.3440E-03
2.7900	55.53	6.6936E-01	7.6246E-03
2.8187	55.53	6.7864E-01	8.2400E-03
2.8475	55.53	6.5603E-01	7.1630E-03
2.8800	55.53	6.5734E-01	7.9078E-03
2.9100	55.53	6.5408E-01	7.8679E-03
2.9400	55.53	6.5055E-01	7.7633E-03
2.9701	55.53	6.1385E-01	7.1528E-03
2.9985	55.53	5.9446E-01	6.5978E-03
3.0300	55.53	6.5079E-01	9.5497E-03
3.0600	55.53	6.4467E-01	1.0767E-02
3.0900	55.53	5.6058E-01	7.5451E-03
3.1200	55.53	6.3144E-01	9.8555E-03
3.1500	55.53	6.1073E-01	9.8147E-03
3.2400	55.53	5.7211E-01	8.2542E-03
3.2549	55.53	5.8171E-01	7.5880E-03
3.2700	55.53	5.7120E-01	8.1716E-03
3.2846	55.53	5.6481E-01	6.3199E-03
3.3600	55.53	5.6439E-01	7.7598E-03
3.3749	55.53	5.3061E-01	6.9214E-03
3.3825	55.53	5.3412E-01	7.9481E-03
3.4050	55.53	5.4620E-01	7.5520E-03
3.4499	55.53	5.0279E-01	6.7771E-03
3.4800	55.53	5.1311E-01	7.0842E-03
3.5100	55.53	5.0583E-01	7.0099E-03
3.6000	55.53	4.6382E-01	6.1269E-03
3.6593	55.53	5.1078E-01	8.0490E-03
3.7199	55.53	4.6056E-01	8.8017E-03
3.7499	55.53	4.6029E-01	7.8582E-03
3.7799	55.53	4.6063E-01	7.7618E-03
3.8098	55.53	4.5416E-01	5.7785E-03
3.8398	55.53	4.4554E-01	7.2276E-03
3.8699	55.53	4.5074E-01	7.7256E-03
3.9000	55.53	4.3573E-01	8.2448E-03
3.9299	55.53	4.4020E-01	7.1914E-03
3.9599	55.53	4.4062E-01	6.2563E-03
3.9900	55.53	4.1105E-01	8.6161E-03
4.0077	55.53	4.1423E-01	8.0046E-03
1.7850	63	1.1860E+00	1.2023E-02
1.8000	63	1.2545E+00	1.4499E-02
1.8150	63	1.1939E+00	1.3280E-02
1.8300	63	1.2223E+00	1.0174E-02
1.8450	63	1.1215E+00	1.2290E-02
1.8900	63	1.0681E+00	1.1755E-02
1.9050	63	1.0032E+00	1.0724E-02
1.9200	63	1.0036E+00	1.0794E-02
1.9350	63	9.8178E-01	1.0320E-02
2.0241	63	9.4077E-01	1.1397E-02
2.0400	63	9.3091E-01	1.1422E-02
2.0547	63	8.9476E-01	1.0789E-02
2.0678	63	9.2483E-01	1.1346E-02
2.1007	63	8.8476E-01	1.0421E-02
2.1078	63	8.6727E-01	1.0207E-02
2.1297	63	8.1046E-01	9.7139E-03
2.1450	63	8.4885E-01	9.7058E-03
2.1600	63	8.1197E-01	9.7594E-03
2.1750	63	8.6450E-01	1.0236E-02
2.1900	63	7.3928E-01	8.0763E-03
2.2050	63	7.7966E-01	9.4813E-03
2.2172	63	7.2204E-01	7.6661E-03
2.2199	63	7.9501E-01	9.9563E-03
2.2342	63	7.8922E-01	8.9516E-03
2.2500	63	7.3160E-01	8.1490E-03
2.2651	63	7.9002E-01	8.7153E-03
2.2800	63	9.7294E-01	9.4465E-03
2.2950	63	7.6594E-01	1.0475E-02
2.3100	63	6.9676E-01	8.1550E-03
2.3249	63	7.7461E-01	7.8894E-03
2.3399	63	6.9522E-01	8.6285E-03
2.3546	63	7.4673E-01	9.1722E-03
2.3700	63	8.1686E-01	1.0888E-02
2.3850	63	7.3498E-01	1.0192E-02
2.4000	63	7.9549E-01	1.1610E-02
2.4150	63	7.3966E-01	1.0150E-02
2.4299	63	7.7926E-01	1.2177E-02
2.4450	63	8.4008E-01	8.6657E-03
2.4599	63	7.4320E-01	1.0970E-02
2.4750	63	7.2888E-01	9.4949E-03
2.4900	63	7.0393E-01	1.1021E-02
2.5050	63	6.9034E-01	9.4338E-03
2.5177	63	7.1232E-01	1.1747E-02
2.5350	63	6.8811E-01	8.1652E-03
2.5500	63	6.9890E-01	8.9164E-03
2.5800	63	6.6211E-01	9.6650E-03
2.6142	63	6.4668E-01	8.4898E-03
2.6401	63	6.0814E-01	8.4342E-03
2.6700	63	6.1455E-01	8.0252E-03
2.7000	63	5.7725E-01	7.5660E-03
2.7300	63	5.8460E-01	7.7898E-03
2.7526	63	5.6668E-01	7.5869E-03
2.7900	63	5.6523E-01	7.0064E-03
2.8187	63	5.5568E-01	7.4562E-03
2.8475	63	5.3879E-01	6.4915E-03
2.8800	63	5.3139E-01	7.1099E-03
2.9100	63	5.4798E-01	7.2016E-03
2.9400	63	5.1297E-01	6.8937E-03
2.9701	63	5.2917E-01	6.6412E-03
2.9985	63	4.8374E-01	5.9518E-03
3.0300	63	5.3728E-01	8.6770E-03
3.0600	63	5.5296E-01	9.9717E-03
3.0900	63	4.6654E-01	6.8832E-03
3.1200	63	5.1869E-01	8.9323E-03
3.1500	63	4.9259E-01	8.8145E-03
3.2400	63	4.7755E-01	7.5413E-03
3.2549	63	4.7659E-01	6.8683E-03
3.2700	63	4.7720E-01	7.4691E-03
3.2846	63	4.6701E-01	5.7468E-03
3.3600	63	4.4874E-01	6.9192E-03
3.3749	63	4.3942E-01	6.2987E-03
3.3825	63	4.4412E-01	7.2476E-03
3.4050	63	4.4701E-01	6.8319E-03
3.4499	63	4.2377E-01	6.2218E-03
3.4800	63	4.1628E-01	6.3809E-03
3.5100	63	4.1403E-01	6.3420E-03
3.6000	63	3.9026E-01	5.6200E-03
3.6593	63	3.8229E-01	6.9635E-03
3.7199	63	3.9798E-01	8.1819E-03
3.7499	63	3.7510E-01	7.0938E-03
3.7799	63	3.8713E-01	7.1156E-03
3.8098	63	3.8475E-01	5.3187E-03
3.8398	63	3.6569E-01	6.5480E-03
3.8699	63	3.5395E-01	6.8460E-03
3.9000	63	3.6209E-01	7.5159E-03
3.9299	63	3.4352E-01	6.3527E-03
3.9599	63	3.4761E-01	5.5569E-03
3.9900	63	3.4333E-01	7.8744E-03
4.0077	63	3.3658E-01	7.2154E-03
1.7850	65.58	1.1135E+00	1.1649E-02
1.8000	65.58	1.1217E+00	1.3709E-02
1.8150	65.58	1.1433E+00	1.2995E-02
1.8300	65.58	1.1709E+00	9.9575E-03
1.8450	65.58	1.0642E+00	1.1972E-02
1.8900	65.58	1.0206E+00	1.1491E-02
1.9050	65.58	9.4234E-01	1.0394E-02
1.9200	65.58	9.3708E-01	1.0430E-02
1.9350	65.58	9.0303E-01	9.8971E-03
2.0241	65.58	8.9977E-01	1.1146E-02
2.0400	65.58	8.6603E-01	1.1016E-02
2.0547	65.58	8.3830E-01	1.0443E-02
2.0678	65.58	8.7653E-01	1.1046E-02
2.1007	65.58	8.4561E-01	1.0187E-02
2.1078	65.58	7.9411E-01	9.7667E-03
2.1297	65.58	7.8030E-01	9.5315E-03
2.1450	65.58	8.0124E-01	9.4297E-03
2.1600	65.58	7.7795E-01	9.5527E-03
2.1750	65.58	8.0269E-01	9.8633E-03
2.1900	65.58	7.2631E-01	8.0052E-03
2.2050	65.58	7.4081E-01	9.2420E-03
2.2172	65.58	6.8289E-01	7.4554E-03
2.2199	65.58	7.5200E-01	9.6832E-03
2.2342	65.58	7.3977E-01	8.6667E-03
2.2500	65.58	7.1217E-01	8.0401E-03
2.2651	65.58	7.7762E-01	8.6466E-03
2.2800	65.58	9.0516E-01	9.1115E-03
2.2950	65.58	7.5075E-01	1.0370E-02
2.3100	65.58	6.8980E-01	8.1141E-03
2.3249	65.58	7.3548E-01	7.6875E-03
2.3399	65.58	6.4211E-01	8.2923E-03
2.3546	65.58	7.0358E-01	8.9033E-03
2.3700	65.58	7.8987E-01	1.0706E-02
2.3850	65.58	6.9809E-01	9.9333E-03
2.4000	65.58	7.5381E-01	1.1301E-02
2.4150	65.58	6.8561E-01	9.7725E-03
2.4299	65.58	7.5033E-01	1.1949E-02
2.4450	65.58	7.9011E-01	8.4040E-03
2.4599	65.58	6.9462E-01	1.0605E-02
2.4750	65.58	6.9635E-01	9.2806E-03
2.4900	65.58	6.5925E-01	1.0665E-02
2.5050	65.58	6.6650E-01	9.2694E-03
2.5177	65.58	6.6970E-01	1.1390E-02
2.5350	65.58	6.4819E-01	7.9249E-03
2.5500	65.58	6.6477E-01	8.6960E-03
2.5800	65.58	6.1611E-01	9.3233E-03
2.6142	65.58	6.0132E-01	8.1867E-03
2.6401	65.58	5.8545E-01	8.2754E-03
2.6700	65.58	5.9359E-01	7.8872E-03
2.7000	65.58	5.6069E-01	7.4567E-03
2.7300	65.58	5.6716E-01	7.6727E-03
2.7526	65.58	5.5683E-01	7.5206E-03
2.7900	65.58	5.5055E-01	6.9149E-03
2.8187	65.58	5.1666E-01	7.1897E-03
2.8475	65.58	5.2354E-01	6.3989E-03
2.8800	65.58	5.1741E-01	7.0158E-03
2.9100	65.58	5.0663E-01	6.9245E-03
2.9400	65.58	4.9805E-01	6.7928E-03
2.9701	65.58	4.7833E-01	6.3141E-03
2.9985	65.58	4.8125E-01	5.9364E-03
3.0300	65.58	5.1303E-01	8.4790E-03
3.0600	65.58	4.8786E-01	9.3664E-03
3.0900	65.58	4.6075E-01	6.8404E-03
3.1200	65.58	5.2623E-01	8.9970E-03
3.1500	65.58	4.9700E-01	8.8539E-03
3.2400	65.58	4.5004E-01	7.3209E-03
3.2549	65.58	4.5680E-01	6.7241E-03
3.2700	65.58	4.6657E-01	7.3854E-03
3.2846	65.58	4.5167E-01	5.6516E-03
3.3600	65.58	4.4671E-01	6.9036E-03
3.3749	65.58	4.1775E-01	6.1414E-03
3.3825	65.58	4.2295E-01	7.0727E-03
3.4050	65.58	4.3270E-01	6.7217E-03
3.4499	65.58	4.1509E-01	6.1578E-03
3.4800	65.58	3.9124E-01	6.1860E-03
3.5100	65.58	4.0907E-01	6.3039E-03
3.6000	65.58	3.8152E-01	5.5567E-03
3.6593	65.58	3.8432E-01	6.9819E-03
3.7199	65.58	3.8049E-01	8.0001E-03
3.7499	65.58	3.6571E-01	7.0044E-03
3.7799	65.58	3.5587E-01	6.8223E-03
3.8098	65.58	3.5328E-01	5.0965E-03
3.8398	65.58	3.5373E-01	6.4401E-03
3.8699	65.58	3.4878E-01	6.7959E-03
3.9000	65.58	3.4743E-01	7.3621E-03
3.9299	65.58	3.4081E-01	6.3277E-03
3.9599	65.58	3.4245E-01	5.5156E-03
3.9900	65.58	3.2653E-01	7.6794E-03
4.0077	65.58	3.2019E-01	7.0375E-03
1.7850	72.94	8.5545E-01	1.0211E-02
1.8000	72.94	9.9816E-01	1.2933E-02
1.8150	72.94	9.4328E-01	1.1804E-02
1.8300	72.94	1.0004E+00	9.2042E-03
1.8450	72.94	9.0505E-01	1.1041E-02
1.8900	72.94	8.9119E-01	1.0738E-02
1.9050	72.94	8.3481E-01	9.7827E-03
1.9200	72.94	8.2528E-01	9.7881E-03
1.9350	72.94	7.9586E-01	9.2913E-03
2.0241	72.94	7.6391E-01	1.0270E-02
2.0400	72.94	7.6163E-01	1.0331E-02
2.0547	72.94	7.4281E-01	9.8302E-03
2.0678	72.94	7.5028E-01	1.0220E-02
2.1007	72.94	7.6215E-01	9.6715E-03
2.1078	72.94	7.3778E-01	9.4139E-03
2.1297	72.94	6.7575E-01	8.8700E-03
2.1450	72.94	7.1180E-01	8.8877E-03
2.1600	72.94	7.0651E-01	9.1036E-03
2.1750	72.94	7.1713E-01	9.3228E-03
2.1900	72.94	6.2732E-01	7.4396E-03
2.2050	72.94	6.5871E-01	8.7149E-03
2.2172	72.94	5.9832E-01	6.9785E-03
2.2199	72.94	6.6259E-01	9.0894E-03
2.2342	72.94	6.6910E-01	8.2423E-03
2.2500	72.94	6.3756E-01	7.6073E-03
2.2651	72.94	6.9243E-01	8.1593E-03
2.2800	72.94	7.9694E-01	8.5495E-03
2.2950	72.94	6.7025E-01	9.7985E-03
2.3100	72.94	6.1268E-01	7.6471E-03
2.3249	72.94	6.4982E-01	7.2260E-03
2.3399	72.94	5.9531E-01	7.9844E-03
2.3546	72.94	6.1210E-01	8.3043E-03
2.3700	72.94	6.9148E-01	1.0017E-02
2.3850	72.94	6.2516E-01	9.4001E-03
2.4000	72.94	6.9553E-01	1.0856E-02
2.4150	72.94	6.2878E-01	9.3587E-03
2.4299	72.94	6.6603E-01	1.1258E-02
2.4450	72.94	7.0215E-01	7.9225E-03
2.4599	72.94	6.3925E-01	1.0174E-02
2.4750	72.94	6.3537E-01	8.8649E-03
2.4900	72.94	6.5062E-01	1.0595E-02
2.5050	72.94	6.1003E-01	8.8681E-03
2.5177	72.94	6.0229E-01	1.0802E-02
2.5350	72.94	5.7475E-01	7.4624E-03
2.5500	72.94	5.9914E-01	8.2555E-03
2.5800	72.94	5.7477E-01	9.0051E-03
2.6142	72.94	5.6944E-01	7.9667E-03
2.6401	72.94	5.3960E-01	7.9447E-03
2.6700	72.94	5.4559E-01	7.5616E-03
2.7000	72.94	5.0972E-01	7.1097E-03
2.7300	72.94	5.0623E-01	7.2489E-03
2.7526	72.94	5.1204E-01	7.2118E-03
2.7900	72.94	4.9427E-01	6.5519E-03
2.8187	72.94	4.6984E-01	6.8562E-03
2.8475	72.94	4.9015E-01	6.1915E-03
2.8800	72.94	4.6728E-01	6.6672E-03
2.9100	72.94	4.8940E-01	6.8058E-03
2.9400	72.94	4.5507E-01	6.4930E-03
2.9701	72.94	4.6133E-01	6.2008E-03
2.9985	72.94	4.3871E-01	5.6680E-03
3.0300	72.94	4.7492E-01	8.1580E-03
3.0600	72.94	4.9254E-01	9.4112E-03
3.0900	72.94	4.2480E-01	6.5681E-03
3.1200	72.94	4.6639E-01	8.4700E-03
3.1500	72.94	4.6782E-01	8.5901E-03
3.2400	72.94	4.3849E-01	7.2263E-03
3.2549	72.94	4.3670E-01	6.5746E-03
3.2700	72.94	4.2261E-01	7.0289E-03
3.2846	72.94	4.2904E-01	5.5082E-03
3.3600	72.94	4.1492E-01	6.6534E-03
3.3749	72.94	3.9337E-01	5.9595E-03
3.3825	72.94	3.9089E-01	6.7994E-03
3.4050	72.94	3.9303E-01	6.4061E-03
3.4499	72.94	3.6668E-01	5.7875E-03
3.4800	72.94	3.6013E-01	5.9350E-03
3.5100	72.94	3.8945E-01	6.1508E-03
3.6000	72.94	3.5813E-01	5.3837E-03
3.6593	72.94	3.4132E-01	6.5798E-03
3.7199	72.94	3.5004E-01	7.6733E-03
3.7499	72.94	3.5122E-01	6.8643E-03
3.7799	72.94	3.3181E-01	6.5876E-03
3.8098	72.94	3.3895E-01	4.9921E-03
3.8398	72.94	3.2606E-01	6.1830E-03
3.8699	72.94	3.1051E-01	6.4122E-03
3.9000	72.94	3.0920E-01	6.9453E-03
3.9299	72.94	3.1015E-01	6.0363E-03
3.9599	72.94	3.1012E-01	5.2487E-03
3.9900	72.94	2.9980E-01	7.3583E-03
4.0077	72.94	2.9265E-01	6.7281E-03
1.7850	75.6	8.9616E-01	1.0451E-02
1.8000	75.6	9.4052E-01	1.2554E-02
1.8150	75.6	9.0975E-01	1.1592E-02
1.8300	75.6	9.5063E-01	8.9722E-03
1.8450	75.6	8.7609E-01	1.0862E-02
1.8900	75.6	8.4565E-01	1.0460E-02
1.9050	75.6	7.8047E-01	9.4590E-03
1.9200	75.6	7.8639E-01	9.5547E-03
1.9350	75.6	7.7091E-01	9.1445E-03
2.0241	75.6	7.3947E-01	1.0104E-02
2.0400	75.6	7.4061E-01	1.0188E-02
2.0547	75.6	7.3566E-01	9.7827E-03
2.0678	75.6	7.2648E-01	1.0056E-02
2.1007	75.6	7.0889E-01	9.3274E-03
2.1078	75.6	7.1339E-01	9.2571E-03
2.1297	75.6	6.6865E-01	8.8232E-03
2.1450	75.6	6.9781E-01	8.8000E-03
2.1600	75.6	6.8317E-01	8.9519E-03
2.1750	75.6	7.0622E-01	9.2516E-03
2.1900	75.6	6.1893E-01	7.3898E-03
2.2050	75.6	6.5606E-01	8.6974E-03
2.2172	75.6	5.8555E-01	6.9036E-03
2.2199	75.6	6.4102E-01	8.9403E-03
2.2342	75.6	6.4677E-01	8.1036E-03
2.2500	75.6	6.1405E-01	7.4657E-03
2.2651	75.6	6.6869E-01	8.0181E-03
2.2800	75.6	7.8107E-01	8.4639E-03
2.2950	75.6	6.4518E-01	9.6135E-03
2.3100	75.6	5.8719E-01	7.4864E-03
2.3249	75.6	6.3672E-01	7.1528E-03
2.3399	75.6	5.7229E-01	7.8285E-03
2.3546	75.6	5.9869E-01	8.2128E-03
2.3700	75.6	6.9105E-01	1.0014E-02
2.3850	75.6	6.1555E-01	9.3276E-03
2.4000	75.6	6.3911E-01	1.0406E-02
2.4150	75.6	5.8838E-01	9.0531E-03
2.4299	75.6	6.4110E-01	1.1045E-02
2.4450	75.6	7.0403E-01	7.9330E-03
2.4599	75.6	6.1027E-01	9.9404E-03
2.4750	75.6	6.1806E-01	8.7433E-03
2.4900	75.6	5.9162E-01	1.0103E-02
2.5050	75.6	5.8760E-01	8.7035E-03
2.5177	75.6	5.8485E-01	1.0644E-02
2.5350	75.6	5.3851E-01	7.2233E-03
2.5500	75.6	5.7309E-01	8.0740E-03
2.5800	75.6	5.6433E-01	8.9229E-03
2.6142	75.6	5.3812E-01	7.7445E-03
2.6401	75.6	5.4006E-01	7.9481E-03
2.6700	75.6	5.2861E-01	7.4430E-03
2.7000	75.6	5.1478E-01	7.1448E-03
2.7300	75.6	4.9263E-01	7.1508E-03
2.7526	75.6	4.9873E-01	7.1175E-03
2.7900	75.6	4.8828E-01	6.5121E-03
2.8187	75.6	4.6994E-01	6.8569E-03
2.8475	75.6	4.6473E-01	6.0288E-03
2.8800	75.6	4.5900E-01	6.6079E-03
2.9100	75.6	4.7028E-01	6.6715E-03
2.9400	75.6	4.7110E-01	6.6064E-03
2.9701	75.6	4.5624E-01	6.1666E-03
2.9985	75.6	4.3175E-01	5.6228E-03
3.0300	75.6	4.8052E-01	8.2060E-03
3.0600	75.6	4.6377E-01	9.1321E-03
3.0900	75.6	4.1485E-01	6.4907E-03
3.1200	75.6	4.6485E-01	8.4560E-03
3.1500	75.6	4.3328E-01	8.2669E-03
3.2400	75.6	4.2480E-01	7.1126E-03
3.2549	75.6	4.1720E-01	6.4261E-03
3.2700	75.6	4.2425E-01	7.0425E-03
3.2846	75.6	4.1800E-01	5.4369E-03
3.3600	75.6	3.9432E-01	6.4862E-03
3.3749	75.6	3.9879E-01	6.0004E-03
3.3825	75.6	3.7398E-01	6.6507E-03
3.4050	75.6	3.9877E-01	6.4528E-03
3.4499	75.6	3.7307E-01	5.8378E-03
3.4800	75.6	3.6385E-01	5.9656E-03
3.5100	75.6	3.7410E-01	6.0284E-03
3.6000	75.6	3.4930E-01	5.3170E-03
3.6593	75.6	3.5781E-01	6.7368E-03
3.7199	75.6	3.6148E-01	7.7977E-03
3.7499	75.6	3.4572E-01	6.8103E-03
3.7799	75.6	3.3521E-01	6.6213E-03
3.8098	75.6	3.2689E-01	4.9025E-03
3.8398	75.6	3.3439E-01	6.2615E-03
3.8699	75.6	3.2243E-01	6.5341E-03
3.9000	75.6	3.1591E-01	7.0203E-03
3.9299	75.6	3.1121E-01	6.0466E-03
3.9599	75.6	3.1589E-01	5.2973E-03
3.9900	75.6	2.8553E-01	7.1811E-03
4.0077	75.6	2.8863E-01	6.6817E-03
1.7850	83	8.4887E-01	1.0171E-02
1.8000	83	9.2577E-01	1.2455E-02
1.8150	83	8.7976E-01	1.1400E-02
1.8300	83	9.1473E-01	8.8011E-03
1.8450	83	7.5259E-01	1.0068E-02
1.8900	83	8.0308E-01	1.0193E-02
1.9050	83	7.2510E-01	9.1173E-03
1.9200	83	7.5087E-01	9.3364E-03
1.9350	83	7.2600E-01	8.8742E-03
2.0241	83	7.2401E-01	9.9980E-03
2.0400	83	7.2155E-01	1.0056E-02
2.0547	83	6.7751E-01	9.3881E-03
2.0678	83	7.2606E-01	1.0053E-02
2.1007	83	6.8422E-01	9.1637E-03
2.1078	83	6.5742E-01	8.8865E-03
2.1297	83	6.3651E-01	8.6086E-03
2.1450	83	6.3178E-01	8.3733E-03
2.1600	83	6.4856E-01	8.7223E-03
2.1750	83	6.2308E-01	8.6900E-03
2.1900	83	5.9944E-01	7.2724E-03
2.2050	83	6.2747E-01	8.5057E-03
2.2172	83	5.4981E-01	6.6896E-03
2.2199	83	6.1895E-01	8.7850E-03
2.2342	83	6.1631E-01	7.9105E-03
2.2500	83	6.0597E-01	7.4164E-03
2.2651	83	6.3186E-01	7.7942E-03
2.2800	83	7.3971E-01	8.2368E-03
2.2950	83	6.3673E-01	9.5503E-03
2.3100	83	5.5436E-01	7.2741E-03
2.3249	83	5.5934E-01	6.7041E-03
2.3399	83	5.5162E-01	7.6859E-03
2.3546	83	5.8461E-01	8.1157E-03
2.3700	83	6.5694E-01	9.7639E-03
2.3850	83	5.7428E-01	9.0094E-03
2.4000	83	6.4216E-01	1.0431E-02
2.4150	83	5.8880E-01	9.0563E-03
2.4299	83	6.3616E-01	1.1003E-02
2.4450	83	6.8723E-01	7.8378E-03
2.4599	83	6.0298E-01	9.8809E-03
2.4750	83	6.0198E-01	8.6288E-03
2.4900	83	5.8006E-01	1.0004E-02
2.5050	83	5.6955E-01	8.5688E-03
2.5177	83	5.4959E-01	1.0318E-02
2.5350	83	5.3483E-01	7.1986E-03
2.5500	83	5.8082E-01	8.1283E-03
2.5800	83	4.8984E-01	8.3132E-03
2.6142	83	4.8551E-01	7.3562E-03
2.6401	83	5.2544E-01	7.8398E-03
2.6700	83	5.1865E-01	7.3726E-03
2.7000	83	4.9465E-01	7.0038E-03
2.7300	83	4.7374E-01	7.0124E-03
2.7526	83	4.8573E-01	7.0241E-03
2.7900	83	4.6509E-01	6.3556E-03
2.8187	83	4.5203E-01	6.7250E-03
2.8475	83	4.4705E-01	5.9131E-03
2.8800	83	4.5253E-01	6.5612E-03
2.9100	83	4.6271E-01	6.6176E-03
2.9400	83	4.6702E-01	6.5777E-03
2.9701	83	4.4016E-01	6.0569E-03
2.9985	83	4.3834E-01	5.6656E-03
3.0300	83	4.5754E-01	8.0073E-03
3.0600	83	4.5352E-01	9.0307E-03
3.0900	83	4.1627E-01	6.5018E-03
3.1200	83	4.4916E-01	8.3121E-03
3.1500	83	4.4984E-01	8.4234E-03
3.2400	83	4.2003E-01	7.0726E-03
3.2549	83	4.2869E-01	6.5139E-03
3.2700	83	4.2916E-01	7.0831E-03
3.2846	83	4.2189E-01	5.4621E-03
3.3600	83	4.1374E-01	6.6439E-03
3.3749	83	3.8751E-01	5.9149E-03
3.3825	83	3.8474E-01	6.7457E-03
3.4050	83	4.0295E-01	6.4865E-03
3.4499	83	3.7042E-01	5.8170E-03
3.4800	83	3.6287E-01	5.9575E-03
3.5100	83	3.6060E-01	5.9186E-03
3.6000	83	3.3385E-01	5.1980E-03
3.6593	83	3.6098E-01	6.7666E-03
3.7199	83	3.3389E-01	7.4943E-03
3.7499	83	3.3190E-01	6.6728E-03
3.7799	83	3.2945E-01	6.5642E-03
3.8098	83	3.4373E-01	5.0271E-03
3.8398	83	3.1985E-01	6.1238E-03
3.8699	83	3.2561E-01	6.5663E-03
3.9000	83	2.9906E-01	6.8305E-03
3.9299	83	3.1967E-01	6.1282E-03
3.9599	83	3.1776E-01	5.3130E-03
3.9900	83	2.8824E-01	7.2151E-03
4.0077	83	2.9389E-01	6.7423E-03
1.7850	85.53	8.6910E-01	1.0292E-02
1.8000	85.53	9.0449E-01	1.2311E-02
1.8150	85.53	8.5155E-01	1.1215E-02
1.8300	85.53	8.8306E-01	8.6474E-03
1.8450	85.53	7.3724E-01	9.9645E-03
1.8900	85.53	7.9273E-01	1.0128E-02
1.9050	85.53	7.3083E-01	9.1532E-03
1.9200	85.53	7.3369E-01	9.2290E-03
1.9350	85.53	7.2741E-01	8.8828E-03
2.0241	85.53	6.9239E-01	9.7773E-03
2.0400	85.53	6.8035E-01	9.7643E-03
2.0547	85.53	6.5058E-01	9.1997E-03
2.0678	85.53	6.7929E-01	9.7240E-03
2.1007	85.53	6.7464E-01	9.0994E-03
2.1078	85.53	6.5369E-01	8.8613E-03
2.1297	85.53	6.2312E-01	8.5176E-03
2.1450	85.53	6.2945E-01	8.3579E-03
2.1600	85.53	6.1478E-01	8.4921E-03
2.1750	85.53	6.3205E-01	8.7523E-03
2.1900	85.53	5.8197E-01	7.1657E-03
2.2050	85.53	6.0348E-01	8.3416E-03
2.2172	85.53	5.5055E-01	6.6941E-03
2.2199	85.53	6.0137E-01	8.6593E-03
2.2342	85.53	6.0707E-01	7.8510E-03
2.2500	85.53	5.9390E-01	7.3422E-03
2.2651	85.53	6.3715E-01	7.8268E-03
2.2800	85.53	7.0219E-01	8.0252E-03
2.2950	85.53	6.0350E-01	9.2978E-03
2.3100	85.53	5.5837E-01	7.3003E-03
2.3249	85.53	5.6424E-01	6.7334E-03
2.3399	85.53	5.4326E-01	7.6274E-03
2.3546	85.53	5.8450E-01	8.1149E-03
2.3700	85.53	6.2429E-01	9.5182E-03
2.3850	85.53	5.6495E-01	8.9360E-03
2.4000	85.53	6.2386E-01	1.0281E-02
2.4150	85.53	5.6902E-01	8.9029E-03
2.4299	85.53	6.2379E-01	1.0895E-02
2.4450	85.53	6.5782E-01	7.6682E-03
2.4599	85.53	6.0411E-01	9.8902E-03
2.4750	85.53	5.8355E-01	8.4957E-03
2.4900	85.53	5.6677E-01	9.8887E-03
2.5050	85.53	5.6684E-01	8.5484E-03
2.5177	85.53	5.4223E-01	1.0249E-02
2.5350	85.53	5.3444E-01	7.1960E-03
2.5500	85.53	5.4419E-01	7.8679E-03
2.5800	85.53	5.4684E-01	8.7835E-03
2.6142	85.53	5.2798E-01	7.6712E-03
2.6401	85.53	5.0801E-01	7.7087E-03
2.6700	85.53	5.0419E-01	7.2691E-03
2.7000	85.53	4.9474E-01	7.0045E-03
2.7300	85.53	4.8173E-01	7.0713E-03
2.7526	85.53	4.6501E-01	6.8726E-03
2.7900	85.53	4.6952E-01	6.3858E-03
2.8187	85.53	4.7324E-01	6.8809E-03
2.8475	85.53	4.5636E-01	5.9743E-03
2.8800	85.53	4.5681E-01	6.5921E-03
2.9100	85.53	4.6101E-01	6.6054E-03
2.9400	85.53	4.5284E-01	6.4771E-03
2.9701	85.53	4.3574E-01	6.0264E-03
2.9985	85.53	4.2567E-01	5.5831E-03
3.0300	85.53	4.7982E-01	8.2000E-03
3.0600	85.53	4.5855E-01	9.0807E-03
3.0900	85.53	4.2490E-01	6.5689E-03
3.1200	85.53	4.5532E-01	8.3689E-03
3.1500	85.53	4.4637E-01	8.3908E-03
3.2400	85.53	4.1539E-01	7.0334E-03
3.2549	85.53	4.3294E-01	6.5462E-03
3.2700	85.53	4.3208E-01	7.1072E-03
3.2846	85.53	3.6787E-01	5.1004E-03
3.3600	85.53	4.1972E-01	6.6917E-03
3.3749	85.53	3.9915E-01	6.0031E-03
3.3825	85.53	3.9669E-01	6.8496E-03
3.4050	85.53	4.0368E-01	6.4923E-03
3.4499	85.53	3.7828E-01	5.8784E-03
3.4800	85.53	3.7696E-01	6.0721E-03
3.5100	85.53	3.7672E-01	6.0495E-03
3.6000	85.53	3.4801E-01	5.3071E-03
3.6593	85.53	3.3866E-01	6.5540E-03
3.7199	85.53	3.6299E-01	7.8140E-03
3.7499	85.53	3.3137E-01	6.6674E-03
3.7799	85.53	3.3076E-01	6.5772E-03
3.8098	85.53	3.4078E-01	5.0056E-03
3.8398	85.53	3.2008E-01	6.1261E-03
3.8699	85.53	3.3183E-01	6.6287E-03
3.9000	85.53	3.0983E-01	6.9524E-03
3.9299	85.53	2.9523E-01	5.8893E-03
3.9599	85.53	3.1181E-01	5.2630E-03
3.9900	85.53	2.9908E-01	7.3495E-03
4.0077	85.53	2.9126E-01	6.7121E-03
1.7850	102.42	7.6340E-01	6.0702E-03
1.8000	102.42	7.9420E-01	7.2597E-03
1.8150	102.42	7.7347E-01	6.7266E-03
1.8300	102.42	7.8201E-01	5.1212E-03
1.8450	102.42	7.0252E-01	6.1214E-03
1.8900	102.42	7.0148E-01	5.9953E-03
1.9050	102.42	6.3022E-01	5.3491E-03
1.9200	102.42	6.5401E-01	5.4835E-03
1.9350	102.42	6.1186E-01	5.1269E-03
2.0241	102.42	6.1399E-01	5.7941E-03
2.0400	102.42	6.0116E-01	5.7761E-03
2.0547	102.42	5.8677E-01	5.4982E-03
2.0678	102.42	6.1798E-01	5.8368E-03
2.1007	102.42	5.8847E-01	5.3481E-03
2.1078	102.42	5.6725E-01	5.1947E-03
2.1297	102.42	5.5535E-01	5.0603E-03
2.1450	102.42	5.6960E-01	5.0034E-03
2.1600	102.42	5.6035E-01	5.1021E-03
2.1750	102.42	5.7632E-01	5.2595E-03
2.1900	102.42	5.2162E-01	4.2693E-03
2.2050	102.42	5.4421E-01	4.9850E-03
2.2172	102.42	5.0380E-01	4.0299E-03
2.2199	102.42	5.3806E-01	5.1546E-03
2.2342	102.42	5.5157E-01	4.7095E-03
2.2500	102.42	5.2009E-01	4.3239E-03
2.2651	102.42	5.7804E-01	4.6915E-03
2.2800	102.42	6.3290E-01	4.7947E-03
2.2950	102.42	5.4921E-01	5.5819E-03
2.3100	102.42	4.9602E-01	4.3301E-03
2.3249	102.42	5.5137E-01	4.1888E-03
2.3399	102.42	4.9727E-01	4.5924E-03
2.3546	102.42	5.2615E-01	4.8452E-03
2.3700	102.42	5.7403E-01	5.7437E-03
2.3850	102.42	5.2316E-01	5.4116E-03
2.4000	102.42	5.7440E-01	6.2083E-03
2.4150	102.42	5.3197E-01	5.4172E-03
2.4299	102.42	5.6877E-01	6.5471E-03
2.4450	102.42	6.1131E-01	4.6520E-03
2.4599	102.42	5.5090E-01	5.9436E-03
2.4750	102.42	5.4676E-01	5.1752E-03
2.4900	102.42	5.3427E-01	6.0420E-03
2.5050	102.42	5.2648E-01	5.1846E-03
2.5177	102.42	5.2347E-01	6.3373E-03
2.5350	102.42	5.0248E-01	4.3910E-03
2.5500	102.42	5.1920E-01	4.8364E-03
2.5800	102.42	5.0387E-01	5.3060E-03
2.6142	102.42	4.9487E-01	4.6738E-03
2.6401	102.42	4.9425E-01	4.7850E-03
2.6700	102.42	4.7357E-01	4.4334E-03
2.7000	102.42	4.5385E-01	4.2219E-03
2.7300	102.42	4.5408E-01	4.3205E-03
2.7526	102.42	4.5682E-01	4.2868E-03
2.7900	102.42	4.5506E-01	3.9563E-03
2.8187	102.42	4.2900E-01	4.1229E-03
2.8475	102.42	4.3491E-01	3.6703E-03
2.8800	102.42	4.5180E-01	4.1257E-03
2.9100	102.42	4.4218E-01	4.0711E-03
2.9400	102.42	4.3570E-01	3.9983E-03
2.9701	102.42	4.3192E-01	3.7758E-03
2.9985	102.42	4.0752E-01	3.4378E-03
3.0300	102.42	4.7368E-01	5.1272E-03
3.0600	102.42	4.6939E-01	5.7817E-03
3.0900	102.42	4.0328E-01	4.0273E-03
3.1200	102.42	4.5452E-01	5.2620E-03
3.1500	102.42	4.4689E-01	5.2835E-03
3.2400	102.42	4.3014E-01	4.5041E-03
3.2549	102.42	4.2563E-01	4.0847E-03
3.2700	102.42	4.2229E-01	4.4217E-03
3.2846	102.42	4.1693E-01	3.4171E-03
3.3600	102.42	4.1129E-01	4.1687E-03
3.3749	102.42	3.9997E-01	3.7817E-03
3.3825	102.42	3.9000E-01	4.2741E-03
3.4050	102.42	4.0836E-01	4.1094E-03
3.4499	102.42	3.9459E-01	3.7783E-03
3.4800	102.42	3.8643E-01	3.8690E-03
3.5100	102.42	3.9477E-01	3.8971E-03
3.6000	102.42	3.7876E-01	3.4843E-03
3.6593	102.42	3.7333E-01	4.3305E-03
3.7199	102.42	3.8498E-01	5.0642E-03
3.7499	102.42	3.8047E-01	4.4961E-03
3.7799	102.42	3.7599E-01	4.4131E-03
3.8098	102.42	3.7065E-01	3.2852E-03
3.8398	102.42	3.6618E-01	4.1235E-03
3.8699	102.42	3.6326E-01	4.3646E-03
3.9000	102.42	3.4964E-01	4.6478E-03
3.9299	102.42	3.5514E-01	4.0649E-03
3.9599	102.42	3.6684E-01	3.5925E-03
3.9900	102.42	3.4061E-01	4.9358E-03
4.0077	102.42	3.4244E-01	4.5801E-03
1.7850	105.61	7.0640E-01	9.2787E-03
1.8000	105.61	7.6793E-01	1.1344E-02
1.8150	105.61	7.4033E-01	1.0457E-02
1.8300	105.61	7.6366E-01	8.0416E-03
1.8450	105.61	6.7098E-01	9.5062E-03
1.8900	105.61	6.7719E-01	9.3604E-03
1.9050	105.61	6.0060E-01	8.2977E-03
1.9200	105.61	6.3316E-01	8.5734E-03
1.9350	105.61	6.1080E-01	8.1397E-03
2.0241	105.61	6.0928E-01	9.1717E-03
2.0400	105.61	6.0384E-01	9.1989E-03
2.0547	105.61	5.8957E-01	8.7577E-03
2.0678	105.61	5.8937E-01	9.0575E-03
2.1007	105.61	5.7364E-01	8.3906E-03
2.1078	105.61	5.4619E-01	8.0999E-03
2.1297	105.61	5.2684E-01	7.8319E-03
2.1450	105.61	5.5621E-01	7.8566E-03
2.1600	105.61	5.3748E-01	7.9402E-03
2.1750	105.61	5.8478E-01	8.4186E-03
2.1900	105.61	5.0759E-01	6.6921E-03
2.2050	105.61	5.4111E-01	7.8987E-03
2.2172	105.61	4.8038E-01	6.2530E-03
2.2199	105.61	5.1471E-01	8.0112E-03
2.2342	105.61	5.3640E-01	7.3799E-03
2.2500	105.61	5.1194E-01	6.8167E-03
2.2651	105.61	5.4370E-01	7.2301E-03
2.2800	105.61	6.0717E-01	7.4625E-03
2.2950	105.61	5.3760E-01	8.7755E-03
2.3100	105.61	4.7886E-01	6.7606E-03
2.3249	105.61	5.2085E-01	6.4693E-03
2.3399	105.61	4.7698E-01	7.1470E-03
2.3546	105.61	5.0913E-01	7.5736E-03
2.3700	105.61	5.5914E-01	9.0078E-03
2.3850	105.61	5.2014E-01	8.5743E-03
2.4000	105.61	5.4490E-01	9.6086E-03
2.4150	105.61	5.0578E-01	8.3936E-03
2.4299	105.61	5.4348E-01	1.0170E-02
2.4450	105.61	6.1312E-01	7.4032E-03
2.4599	105.61	5.2461E-01	9.2165E-03
2.4750	105.61	5.2727E-01	8.0757E-03
2.4900	105.61	5.2812E-01	9.5456E-03
2.5050	105.61	5.3113E-01	8.2748E-03
2.5177	105.61	5.0659E-01	9.9065E-03
2.5350	105.61	5.0131E-01	6.9693E-03
2.5500	105.61	5.1985E-01	7.6899E-03
2.5800	105.61	4.7799E-01	8.2120E-03
2.6142	105.61	4.8874E-01	7.3807E-03
2.6401	105.61	4.8836E-01	7.5581E-03
2.6700	105.61	4.8250E-01	7.1110E-03
2.7000	105.61	4.4962E-01	6.6774E-03
2.7300	105.61	4.4935E-01	6.8295E-03
2.7526	105.61	4.4601E-01	6.7308E-03
2.7900	105.61	4.3269E-01	6.1302E-03
2.8187	105.61	4.2591E-01	6.5278E-03
2.8475	105.61	4.3696E-01	5.8459E-03
2.8800	105.61	4.1400E-01	6.2757E-03
2.9100	105.61	4.4653E-01	6.5008E-03
2.9400	105.61	4.4025E-01	6.3864E-03
2.9701	105.61	4.2290E-01	5.9370E-03
2.9985	105.61	3.9946E-01	5.4085E-03
3.0300	105.61	4.6903E-01	8.1072E-03
3.0600	105.61	4.6053E-01	9.1002E-03
3.0900	105.61	4.1089E-01	6.4597E-03
3.1200	105.61	4.5224E-01	8.3405E-03
3.1500	105.61	4.3896E-01	8.3208E-03
3.2400	105.61	4.3504E-01	7.1978E-03
3.2549	105.61	4.2285E-01	6.4694E-03
3.2700	105.61	4.3301E-01	7.1149E-03
3.2846	105.61	4.1298E-01	5.4041E-03
3.3600	105.61	4.3497E-01	6.8123E-03
3.3749	105.61	4.0014E-01	6.0106E-03
3.3825	105.61	3.8888E-01	6.7819E-03
3.4050	105.61	3.9950E-01	6.4587E-03
3.4499	105.61	3.7472E-01	5.8506E-03
3.4800	105.61	3.9935E-01	6.2498E-03
3.5100	105.61	4.0966E-01	6.3084E-03
3.6000	105.61	3.8726E-01	5.5984E-03
3.6593	105.61	3.8838E-01	7.0187E-03
3.7199	105.61	3.7090E-01	7.8986E-03
3.7499	105.61	3.7939E-01	7.1343E-03
3.7799	105.61	3.7523E-01	7.0054E-03
3.8098	105.61	3.8005E-01	5.2861E-03
3.8398	105.61	3.8973E-01	6.7598E-03
3.8699	105.61	3.7579E-01	7.0541E-03
3.9000	105.61	3.6802E-01	7.5772E-03
3.9299	105.61	3.6231E-01	6.5242E-03
3.9599	105.61	3.7301E-01	5.7564E-03
3.9900	105.61	3.4676E-01	7.9136E-03
4.0077	105.61	3.5174E-01	7.3761E-03
1.7850	112.54	6.3617E-01	5.5413E-03
1.8000	112.54	6.9048E-01	6.7691E-03
1.8150	112.54	6.7437E-01	6.2809E-03
1.8300	112.54	6.7530E-01	4.7589E-03
1.8450	112.54	6.1798E-01	5.7412E-03
1.8900	112.54	6.0715E-01	5.5777E-03
1.9050	112.54	5.5867E-01	5.0363E-03
1.9200	112.54	5.7309E-01	5.1331E-03
1.9350	112.54	5.5795E-01	4.8958E-03
2.0241	112.54	5.6576E-01	5.5619E-03
2.0400	112.54	5.5232E-01	5.5365E-03
2.0547	112.54	5.4272E-01	5.2878E-03
2.0678	112.54	5.5420E-01	5.5274E-03
2.1007	112.54	5.4472E-01	5.1455E-03
2.1078	112.54	5.2748E-01	5.0093E-03
2.1297	112.54	5.0758E-01	4.8378E-03
2.1450	112.54	5.3057E-01	4.8290E-03
2.1600	112.54	5.1752E-01	4.9033E-03
2.1750	112.54	5.3168E-01	5.0517E-03
2.1900	112.54	4.8186E-01	4.1033E-03
2.2050	112.54	5.1385E-01	4.8440E-03
2.2172	112.54	4.5999E-01	3.8507E-03
2.2199	112.54	5.0882E-01	5.0126E-03
2.2342	112.54	5.1844E-01	4.5658E-03
2.2500	112.54	4.6883E-01	4.1053E-03
2.2651	112.54	5.4313E-01	4.5476E-03
2.2800	112.54	6.1289E-01	4.7183E-03
2.2950	112.54	5.1449E-01	5.4025E-03
2.3100	112.54	4.6616E-01	4.1977E-03
2.3249	112.54	4.9857E-01	3.9832E-03
2.3399	112.54	4.5834E-01	4.4089E-03
2.3546	112.54	5.0370E-01	4.7407E-03
2.3700	112.54	5.3943E-01	5.5679E-03
2.3850	112.54	4.9305E-01	5.2535E-03
2.4000	112.54	5.4037E-01	6.0217E-03
2.4150	112.54	5.0190E-01	5.2619E-03
2.4299	112.54	5.2627E-01	6.2977E-03
2.4450	112.54	5.7273E-01	4.5028E-03
2.4599	112.54	5.1185E-01	5.7291E-03
2.4750	112.54	5.1291E-01	5.0125E-03
2.4900	112.54	4.9580E-01	5.8204E-03
2.5050	112.54	4.8773E-01	4.9901E-03
2.5177	112.54	5.0191E-01	6.2055E-03
2.5350	112.54	4.7666E-01	4.2767E-03
2.5500	112.54	5.0619E-01	4.7753E-03
2.5800	112.54	4.7694E-01	5.1623E-03
2.6142	112.54	4.7690E-01	4.5882E-03
2.6401	112.54	4.6409E-01	4.6367E-03
2.6700	112.54	4.5585E-01	4.3497E-03
2.7000	112.54	4.4328E-01	4.1725E-03
2.7300	112.54	4.4829E-01	4.2928E-03
2.7526	112.54	4.5046E-01	4.2569E-03
2.7900	112.54	4.3752E-01	3.8793E-03
2.8187	112.54	4.2159E-01	4.0872E-03
2.8475	112.54	4.3079E-01	3.6529E-03
2.8800	112.54	4.1559E-01	3.9569E-03
2.9100	112.54	4.2621E-01	3.9969E-03
2.9400	112.54	4.3357E-01	3.9885E-03
2.9701	112.54	4.2502E-01	3.7456E-03
2.9985	112.54	4.0152E-01	3.4124E-03
3.0300	112.54	4.4105E-01	4.9475E-03
3.0600	112.54	4.4746E-01	5.6450E-03
3.0900	112.54	4.0553E-01	4.0386E-03
3.1200	112.54	4.4483E-01	5.2057E-03
3.1500	112.54	4.2977E-01	5.1813E-03
3.2400	112.54	4.2023E-01	4.4520E-03
3.2549	112.54	4.2728E-01	4.0926E-03
3.2700	112.54	4.2659E-01	4.4442E-03
3.2846	112.54	4.2612E-01	3.4546E-03
3.3600	112.54	4.2933E-01	4.2592E-03
3.3749	112.54	4.0805E-01	3.8197E-03
3.3825	112.54	4.0306E-01	4.3451E-03
3.4050	112.54	4.1783E-01	4.1567E-03
3.4499	112.54	3.9568E-01	3.7835E-03
3.4800	112.54	3.9131E-01	3.8933E-03
3.5100	112.54	4.0404E-01	3.9426E-03
3.6000	112.54	3.7966E-01	3.4884E-03
3.6593	112.54	3.9920E-01	4.4781E-03
3.7199	112.54	4.1056E-01	5.2297E-03
3.7499	112.54	3.9460E-01	4.5788E-03
3.7799	112.54	3.7993E-01	4.4361E-03
3.8098	112.54	3.9368E-01	3.3857E-03
3.8398	112.54	3.7514E-01	4.1737E-03
3.8699	112.54	3.8607E-01	4.4996E-03
3.9000	112.54	3.8974E-01	4.9071E-03
3.9299	112.54	3.7901E-01	4.1993E-03
3.9599	112.54	3.9273E-01	3.7171E-03
3.9900	112.54	3.7301E-01	5.1652E-03
4.0077	112.54	3.5873E-01	4.6878E-03
1.7850	116.62	6.1870E-01	5.4647E-03
1.8000	116.62	6.4993E-01	6.5673E-03
1.8150	116.62	6.0318E-01	5.9402E-03
1.8300	116.62	6.3076E-01	4.5993E-03
1.8450	116.62	5.5989E-01	5.4648E-03
1.8900	116.62	5.5693E-01	5.3420E-03
1.9050	116.62	5.2952E-01	4.9032E-03
1.9200	116.62	5.3001E-01	4.9364E-03
1.9350	116.62	5.1641E-01	4.7100E-03
2.0241	116.62	5.4613E-01	5.4646E-03
2.0400	116.62	5.2529E-01	5.3994E-03
2.0547	116.62	5.0990E-01	5.1254E-03
2.0678	116.62	5.2222E-01	5.3655E-03
2.1007	116.62	5.2071E-01	5.0308E-03
2.1078	116.62	4.9708E-01	4.8628E-03
2.1297	116.62	4.8222E-01	4.7154E-03
2.1450	116.62	4.9712E-01	4.6743E-03
2.1600	116.62	4.9137E-01	4.7777E-03
2.1750	116.62	5.0807E-01	4.9383E-03
2.1900	116.62	4.5575E-01	3.9906E-03
2.2050	116.62	4.9207E-01	4.7402E-03
2.2172	116.62	4.4458E-01	3.7856E-03
2.2199	116.62	4.8008E-01	4.8690E-03
2.2342	116.62	4.8937E-01	4.4360E-03
2.2500	116.62	4.6890E-01	4.1056E-03
2.2651	116.62	5.0570E-01	4.3881E-03
2.2800	116.62	5.7562E-01	4.5726E-03
2.2950	116.62	4.9776E-01	5.3139E-03
2.3100	116.62	4.4567E-01	4.1045E-03
2.3249	116.62	4.8988E-01	3.9484E-03
2.3399	116.62	4.4460E-01	4.3424E-03
2.3546	116.62	4.6975E-01	4.5782E-03
2.3700	116.62	5.3368E-01	5.5382E-03
2.3850	116.62	4.7278E-01	5.1444E-03
2.4000	116.62	5.1548E-01	5.8813E-03
2.4150	116.62	4.7283E-01	5.1073E-03
2.4299	116.62	5.1187E-01	6.2110E-03
2.4450	116.62	5.6720E-01	4.4811E-03
2.4599	116.62	4.9896E-01	5.6565E-03
2.4750	116.62	4.8632E-01	4.8808E-03
2.4900	116.62	4.8548E-01	5.7596E-03
2.5050	116.62	4.7267E-01	4.9125E-03
2.5177	116.62	4.6509E-01	5.9735E-03
2.5350	116.62	4.5179E-01	4.1637E-03
2.5500	116.62	4.8862E-01	4.6917E-03
2.5800	116.62	4.6342E-01	5.0886E-03
2.6142	116.62	4.5311E-01	4.4723E-03
2.6401	116.62	4.3296E-01	4.4785E-03
2.6700	116.62	4.4144E-01	4.2804E-03
2.7000	116.62	4.2918E-01	4.1056E-03
2.7300	116.62	4.2806E-01	4.1949E-03
2.7526	116.62	4.2987E-01	4.1584E-03
2.7900	116.62	4.1695E-01	3.7870E-03
2.8187	116.62	4.1522E-01	4.0561E-03
2.8475	116.62	4.0880E-01	3.5584E-03
2.8800	116.62	4.1947E-01	3.9754E-03
2.9100	116.62	4.1497E-01	3.9438E-03
2.9400	116.62	4.0873E-01	3.8725E-03
2.9701	116.62	4.0914E-01	3.6749E-03
2.9985	116.62	4.0538E-01	3.4287E-03
3.0300	116.62	4.4232E-01	4.9546E-03
3.0600	116.62	4.4425E-01	5.6248E-03
3.0900	116.62	3.9061E-01	3.9636E-03
3.1200	116.62	4.2461E-01	5.0860E-03
3.1500	116.62	4.3052E-01	5.1858E-03
3.2400	116.62	4.1542E-01	4.4264E-03
3.2549	116.62	4.1062E-01	4.0120E-03
3.2700	116.62	4.1479E-01	4.3822E-03
3.2846	116.62	4.1427E-01	3.4062E-03
3.3600	116.62	4.1607E-01	4.1929E-03
3.3749	116.62	3.9053E-01	3.7368E-03
3.3825	116.62	3.9594E-01	4.3065E-03
3.4050	116.62	4.0811E-01	4.1081E-03
3.4499	116.62	3.8410E-01	3.7277E-03
3.4800	116.62	3.9042E-01	3.8889E-03
3.5100	116.62	3.9900E-01	3.9180E-03
3.6000	116.62	3.8649E-01	3.5196E-03
3.6593	116.62	3.9538E-01	4.4566E-03
3.7199	116.62	3.9457E-01	5.1269E-03
3.7499	116.62	3.9418E-01	4.5764E-03
3.7799	116.62	3.9272E-01	4.5102E-03
3.8098	116.62	3.9470E-01	3.3901E-03
3.8398	116.62	3.7667E-01	4.1822E-03
3.8699	116.62	3.8025E-01	4.4655E-03
3.9000	116.62	3.8869E-01	4.9005E-03
3.9299	116.62	3.7464E-01	4.1750E-03
3.9599	116.62	3.8144E-01	3.6633E-03
3.9900	116.62	3.6736E-01	5.1259E-03
4.0077	116.62	3.7319E-01	4.7813E-03
1.7850	122.67	5.3104E-01	5.0628E-03
1.8000	122.67	5.2929E-01	5.9265E-03
1.8150	122.67	5.2655E-01	5.5500E-03
1.8300	122.67	5.5185E-01	4.3020E-03
1.8450	122.67	5.0389E-01	5.1843E-03
1.8900	122.67	5.1194E-01	5.1217E-03
1.9050	122.67	4.7585E-01	4.6481E-03
1.9200	122.67	4.8330E-01	4.7138E-03
1.9350	122.67	4.6408E-01	4.4650E-03
2.0241	122.67	4.8582E-01	5.1540E-03
2.0400	122.67	4.7984E-01	5.1605E-03
2.0547	122.67	4.7486E-01	4.9462E-03
2.0678	122.67	5.0591E-01	5.2810E-03
2.1007	122.67	4.8746E-01	4.8676E-03
2.1078	122.67	4.5526E-01	4.6538E-03
2.1297	122.67	4.5123E-01	4.5614E-03
2.1450	122.67	4.6970E-01	4.5435E-03
2.1600	122.67	4.4932E-01	4.5688E-03
2.1750	122.67	4.8354E-01	4.8176E-03
2.1900	122.67	4.3287E-01	3.8891E-03
2.2050	122.67	4.5672E-01	4.5668E-03
2.2172	122.67	4.0606E-01	3.6179E-03
2.2199	122.67	4.4873E-01	4.7073E-03
2.2342	122.67	4.5310E-01	4.2684E-03
2.2500	122.67	4.3788E-01	3.9675E-03
2.2651	122.67	4.7063E-01	4.2332E-03
2.2800	122.67	5.4173E-01	4.4360E-03
2.2950	122.67	4.6644E-01	5.1441E-03
2.3100	122.67	4.2068E-01	3.9877E-03
2.3249	122.67	4.6573E-01	3.8498E-03
2.3399	122.67	4.1652E-01	4.2030E-03
2.3546	122.67	4.4677E-01	4.4648E-03
2.3700	122.67	4.8753E-01	5.2933E-03
2.3850	122.67	4.4255E-01	4.9772E-03
2.4000	122.67	4.7965E-01	5.6732E-03
2.4150	122.67	4.5766E-01	5.0247E-03
2.4299	122.67	4.8497E-01	6.0456E-03
2.4450	122.67	5.2982E-01	4.3309E-03
2.4599	122.67	4.6561E-01	5.4642E-03
2.4750	122.67	4.5555E-01	4.7239E-03
2.4900	122.67	4.4954E-01	5.5423E-03
2.5050	122.67	4.5807E-01	4.8360E-03
2.5177	122.67	4.2174E-01	5.6883E-03
2.5350	122.67	4.3341E-01	4.0781E-03
2.5500	122.67	4.5753E-01	4.5400E-03
2.5800	122.67	4.3750E-01	4.9442E-03
2.6142	122.67	4.3881E-01	4.4011E-03
2.6401	122.67	4.2119E-01	4.4172E-03
2.6700	122.67	4.2061E-01	4.1782E-03
2.7000	122.67	4.0299E-01	3.9783E-03
2.7300	122.67	4.0866E-01	4.0987E-03
2.7526	122.67	4.0907E-01	4.0566E-03
2.7900	122.67	4.0887E-01	3.7501E-03
2.8187	122.67	3.8550E-01	3.9083E-03
2.8475	122.67	3.9399E-01	3.4934E-03
2.8800	122.67	3.8673E-01	3.8171E-03
2.9100	122.67	4.0597E-01	3.9009E-03
2.9400	122.67	3.9593E-01	3.8114E-03
2.9701	122.67	4.0700E-01	3.6653E-03
2.9985	122.67	3.7574E-01	3.3010E-03
3.0300	122.67	4.2612E-01	4.8630E-03
3.0600	122.67	4.3777E-01	5.5836E-03
3.0900	122.67	3.7251E-01	3.8707E-03
3.1200	122.67	4.1005E-01	4.9980E-03
3.1500	122.67	4.1971E-01	5.1203E-03
3.2400	122.67	4.0127E-01	4.3504E-03
3.2549	122.67	4.0576E-01	3.9882E-03
3.2700	122.67	4.0914E-01	4.3523E-03
3.2846	122.67	4.0007E-01	3.3473E-03
3.3600	122.67	4.0309E-01	4.1270E-03
3.3749	122.67	3.9218E-01	3.7447E-03
3.3825	122.67	3.8021E-01	4.2201E-03
3.4050	122.67	3.9298E-01	4.0312E-03
3.4499	122.67	3.7563E-01	3.6864E-03
3.4800	122.67	3.8662E-01	3.8699E-03
3.5100	122.67	3.9292E-01	3.8880E-03
3.6000	122.67	3.7838E-01	3.4825E-03
3.6593	122.67	3.9282E-01	4.4421E-03
3.7199	122.67	3.8078E-01	5.0365E-03
3.7499	122.67	3.9567E-01	4.5850E-03
3.7799	122.67	3.8630E-01	4.4731E-03
3.8098	122.67	3.9447E-01	3.3891E-03
3.8398	122.67	3.9098E-01	4.2608E-03
3.8699	122.67	3.7994E-01	4.4637E-03
3.9000	122.67	3.8912E-01	4.9032E-03
3.9299	122.67	3.8613E-01	4.2386E-03
3.9599	122.67	3.9467E-01	3.7262E-03
3.9900	122.67	3.8688E-01	5.2604E-03
4.0077	122.67	3.7729E-01	4.8075E-03
1.7850	126.88	4.7076E-01	4.7668E-03
1.8000	126.88	4.8436E-01	5.6694E-03
1.8150	126.88	4.7776E-01	5.2866E-03
1.8300	126.88	5.0456E-01	4.1136E-03
1.8450	126.88	4.5738E-01	4.9392E-03
1.8900	126.88	4.6562E-01	4.8845E-03
1.9050	126.88	4.3722E-01	4.4554E-03
1.9200	126.88	4.4955E-01	4.5463E-03
1.9350	126.88	4.3891E-01	4.3422E-03
2.0241	126.88	4.6061E-01	5.0185E-03
2.0400	126.88	4.6635E-01	5.0874E-03
2.0547	126.88	4.4132E-01	4.7684E-03
2.0678	126.88	4.5999E-01	5.0357E-03
2.1007	126.88	4.5796E-01	4.7180E-03
2.1078	126.88	4.4114E-01	4.5810E-03
2.1297	126.88	4.3062E-01	4.4560E-03
2.1450	126.88	4.5168E-01	4.4555E-03
2.1600	126.88	4.4017E-01	4.5220E-03
2.1750	126.88	4.5752E-01	4.6862E-03
2.1900	126.88	4.1124E-01	3.7907E-03
2.2050	126.88	4.1791E-01	4.3684E-03
2.2172	126.88	3.9559E-01	3.5709E-03
2.2199	126.88	4.3144E-01	4.6158E-03
2.2342	126.88	4.3741E-01	4.1939E-03
2.2500	126.88	4.1595E-01	3.8669E-03
2.2651	126.88	4.4847E-01	4.1323E-03
2.2800	126.88	5.2099E-01	4.3502E-03
2.2950	126.88	4.4034E-01	4.9981E-03
2.3100	126.88	4.0579E-01	3.9165E-03
2.3249	126.88	4.5144E-01	3.7903E-03
2.3399	126.88	4.0859E-01	4.1628E-03
2.3546	126.88	4.2812E-01	4.3706E-03
2.3700	126.88	4.8282E-01	5.2677E-03
2.3850	126.88	4.3365E-01	4.9269E-03
2.4000	126.88	4.6938E-01	5.6122E-03
2.4150	126.88	4.3327E-01	4.8890E-03
2.4299	126.88	4.6183E-01	5.8996E-03
2.4450	126.88	5.0915E-01	4.2455E-03
2.4599	126.88	4.4670E-01	5.3521E-03
2.4750	126.88	4.4438E-01	4.6656E-03
2.4900	126.88	4.4653E-01	5.5237E-03
2.5050	126.88	4.4362E-01	4.7591E-03
2.5177	126.88	4.3010E-01	5.7444E-03
2.5350	126.88	4.2225E-01	4.0252E-03
2.5500	126.88	4.5267E-01	4.5158E-03
2.5800	126.88	4.3180E-01	4.9119E-03
2.6142	126.88	4.1546E-01	4.2824E-03
2.6401	126.88	4.0720E-01	4.3433E-03
2.6700	126.88	4.1654E-01	4.1579E-03
2.7000	126.88	3.9961E-01	3.9616E-03
2.7300	126.88	3.9871E-01	4.0485E-03
2.7526	126.88	3.9592E-01	3.9908E-03
2.7900	126.88	3.8988E-01	3.6620E-03
2.8187	126.88	3.8578E-01	3.9097E-03
2.8475	126.88	3.9015E-01	3.4763E-03
2.8800	126.88	3.9389E-01	3.8522E-03
2.9100	126.88	3.8903E-01	3.8186E-03
2.9400	126.88	3.8701E-01	3.7682E-03
2.9701	126.88	3.8247E-01	3.5531E-03
2.9985	126.88	3.8708E-01	3.3505E-03
3.0300	126.88	4.2434E-01	4.8529E-03
3.0600	126.88	4.1135E-01	5.4125E-03
3.0900	126.88	3.7002E-01	3.8577E-03
3.1200	126.88	4.1754E-01	5.0435E-03
3.1500	126.88	4.1265E-01	5.0771E-03
3.2400	126.88	3.8533E-01	4.2631E-03
3.2549	126.88	3.9412E-01	3.9306E-03
3.2700	126.88	4.0557E-01	4.3333E-03
3.2846	126.88	3.9150E-01	3.3113E-03
3.3600	126.88	3.9566E-01	4.0887E-03
3.3749	126.88	3.8005E-01	3.6864E-03
3.3825	126.88	3.9234E-01	4.2869E-03
3.4050	126.88	3.9653E-01	4.0494E-03
3.4499	126.88	3.8428E-01	3.7286E-03
3.4800	126.88	3.6695E-01	3.7702E-03
3.5100	126.88	3.8011E-01	3.8241E-03
3.6000	126.88	3.7402E-01	3.4624E-03
3.6593	126.88	3.8966E-01	4.4242E-03
3.7199	126.88	3.9577E-01	5.1347E-03
3.7499	126.88	3.7962E-01	4.4911E-03
3.7799	126.88	3.8702E-01	4.4773E-03
3.8098	126.88	3.9080E-01	3.3733E-03
3.8398	126.88	3.9005E-01	4.2558E-03
3.8699	126.88	3.8885E-01	4.5157E-03
3.9000	126.88	4.0197E-01	4.9835E-03
3.9299	126.88	3.8324E-01	4.2227E-03
3.9599	126.88	3.9319E-01	3.7193E-03
3.9900	126.88	3.7315E-01	5.1662E-03
4.0077	126.88	3.7680E-01	4.8044E-03
1.7850	132.91	4.0130E-01	4.4011E-03
1.8000	132.91	4.0984E-01	5.2151E-03
1.8150	132.91	3.9592E-01	4.8126E-03
1.8300	132.91	4.2585E-01	3.7791E-03
1.8450	132.91	3.9806E-01	4.6078E-03
1.8900	132.91	4.1126E-01	4.5905E-03
1.9050	132.91	3.8410E-01	4.1760E-03
1.9200	132.91	3.9893E-01	4.2827E-03
1.9350	132.91	3.9526E-01	4.1207E-03
2.0241	132.91	4.2748E-01	4.8347E-03
2.0400	132.91	4.0175E-01	4.7219E-03
2.0547	132.91	4.0706E-01	4.5795E-03
2.0678	132.91	4.2956E-01	4.8662E-03
2.1007	132.91	3.9803E-01	4.3985E-03
2.1078	132.91	4.0408E-01	4.3844E-03
2.1297	132.91	3.9230E-01	4.2531E-03
2.1450	132.91	4.1472E-01	4.2693E-03
2.1600	132.91	4.0737E-01	4.3503E-03
2.1750	132.91	4.2820E-01	4.5335E-03
2.1900	132.91	3.7804E-01	3.6345E-03
2.2050	132.91	3.8713E-01	4.2045E-03
2.2172	132.91	3.6616E-01	3.4355E-03
2.2199	132.91	3.9337E-01	4.4074E-03
2.2342	132.91	4.0693E-01	4.0451E-03
2.2500	132.91	3.7867E-01	3.6895E-03
2.2651	132.91	3.9429E-01	3.8747E-03
2.2800	132.91	4.8347E-01	4.1906E-03
2.2950	132.91	4.2344E-01	4.9012E-03
2.3100	132.91	3.8111E-01	3.7955E-03
2.3249	132.91	4.0568E-01	3.5930E-03
2.3399	132.91	3.7271E-01	3.9758E-03
2.3546	132.91	4.0849E-01	4.2692E-03
2.3700	132.91	4.1673E-01	4.8939E-03
2.3850	132.91	4.0382E-01	4.7544E-03
2.4000	132.91	4.4905E-01	5.4893E-03
2.4150	132.91	4.0542E-01	4.7292E-03
2.4299	132.91	4.4615E-01	5.7986E-03
2.4450	132.91	4.7300E-01	4.0921E-03
2.4599	132.91	4.2297E-01	5.2080E-03
2.4750	132.91	4.1274E-01	4.4964E-03
2.4900	132.91	4.0731E-01	5.2755E-03
2.5050	132.91	4.1273E-01	4.5905E-03
2.5177	132.91	4.0962E-01	5.6059E-03
2.5350	132.91	3.9562E-01	3.8962E-03
2.5500	132.91	4.1392E-01	4.3183E-03
2.5800	132.91	3.9269E-01	4.6841E-03
2.6142	132.91	3.9847E-01	4.1939E-03
2.6401	132.91	3.9034E-01	4.2524E-03
2.6700	132.91	3.9234E-01	4.0354E-03
2.7000	132.91	3.7817E-01	3.8538E-03
2.7300	132.91	3.7935E-01	3.9490E-03
2.7526	132.91	3.6824E-01	3.8488E-03
2.7900	132.91	3.6350E-01	3.5360E-03
2.8187	132.91	3.5261E-01	3.7379E-03
2.8475	132.91	3.6968E-01	3.3839E-03
2.8800	132.91	3.6609E-01	3.7138E-03
2.9100	132.91	3.7134E-01	3.7308E-03
2.9400	132.91	3.5087E-01	3.5880E-03
2.9701	132.91	3.6864E-01	3.4883E-03
2.9985	132.91	3.6741E-01	3.2643E-03
3.0300	132.91	3.9942E-01	4.7082E-03
3.0600	132.91	4.0579E-01	5.3758E-03
3.0900	132.91	3.5751E-01	3.7919E-03
3.1200	132.91	3.9196E-01	4.8865E-03
3.1500	132.91	3.9760E-01	4.9836E-03
3.2400	132.91	3.7783E-01	4.2214E-03
3.2549	132.91	3.6695E-01	3.7927E-03
3.2700	132.91	3.8261E-01	4.2088E-03
3.2846	132.91	3.7747E-01	3.2514E-03
3.3600	132.91	3.8269E-01	4.0211E-03
3.3749	132.91	3.6078E-01	3.5917E-03
3.3825	132.91	3.7215E-01	4.1751E-03
3.4050	132.91	3.7912E-01	3.9595E-03
3.4499	132.91	3.7075E-01	3.6624E-03
3.4800	132.91	3.6338E-01	3.7518E-03
3.5100	132.91	3.7469E-01	3.7967E-03
3.6000	132.91	3.6418E-01	3.4165E-03
3.6593	132.91	3.7353E-01	4.3317E-03
3.7199	132.91	3.9437E-01	5.1256E-03
3.7499	132.91	3.7670E-01	4.4737E-03
3.7799	132.91	3.7159E-01	4.3872E-03
3.8098	132.91	3.8500E-01	3.3482E-03
3.8398	132.91	3.8879E-01	4.2489E-03
3.8699	132.91	3.7548E-01	4.4374E-03
3.9000	132.91	3.7911E-01	4.8397E-03
3.9299	132.91	3.8101E-01	4.2104E-03
3.9599	132.91	3.8812E-01	3.6952E-03
3.9900	132.91	3.7715E-01	5.1939E-03
4.0077	132.91	3.7790E-01	4.8114E-03
1.7850	136.97	3.6264E-01	4.1837E-03
1.8000	136.97	3.7255E-01	4.9721E-03
1.8150	136.97	3.4099E-01	4.4663E-03
1.8300	136.97	3.7239E-01	3.5340E-03
1.8450	136.97	3.4382E-01	4.2824E-03
1.8900	136.97	3.7072E-01	4.3585E-03
1.9050	136.97	3.4896E-01	3.9803E-03
1.9200	136.97	3.6464E-01	4.0944E-03
1.9350	136.97	3.5939E-01	3.9293E-03
2.0241	136.97	3.9658E-01	4.6567E-03
2.0400	136.97	3.9815E-01	4.7007E-03
2.0547	136.97	3.7404E-01	4.3898E-03
2.0678	136.97	3.9218E-01	4.6497E-03
2.1007	136.97	3.9152E-01	4.3623E-03
2.1078	136.97	3.9209E-01	4.3189E-03
2.1297	136.97	3.8405E-01	4.2081E-03
2.1450	136.97	3.9243E-01	4.1530E-03
2.1600	136.97	3.8414E-01	4.2244E-03
2.1750	136.97	3.8903E-01	4.3212E-03
2.1900	136.97	3.5900E-01	3.5418E-03
2.2050	136.97	3.9156E-01	4.2285E-03
2.2172	136.97	3.5304E-01	3.3734E-03
2.2199	136.97	3.7811E-01	4.3211E-03
2.2342	136.97	3.9117E-01	3.9660E-03
2.2500	136.97	3.6264E-01	3.6106E-03
2.2651	136.97	4.0042E-01	3.9047E-03
2.2800	136.97	4.5604E-01	4.0700E-03
2.2950	136.97	3.9377E-01	4.7264E-03
2.3100	136.97	3.5873E-01	3.6824E-03
2.3249	136.97	3.9212E-01	3.5325E-03
2.3399	136.97	3.6151E-01	3.9157E-03
2.3546	136.97	3.8466E-01	4.1428E-03
2.3700	136.97	4.2041E-01	4.9154E-03
2.3850	136.97	3.9492E-01	4.7017E-03
2.4000	136.97	4.2375E-01	5.3324E-03
2.4150	136.97	3.9339E-01	4.6585E-03
2.4299	136.97	4.3086E-01	5.6983E-03
2.4450	136.97	4.6348E-01	4.0507E-03
2.4599	136.97	4.1207E-01	5.1404E-03
2.4750	136.97	4.1000E-01	4.4815E-03
2.4900	136.97	4.0499E-01	5.2605E-03
2.5050	136.97	4.0053E-01	4.5221E-03
2.5177	136.97	3.8913E-01	5.4640E-03
2.5350	136.97	3.8518E-01	3.8445E-03
2.5500	136.97	3.9126E-01	4.1984E-03
2.5800	136.97	3.9386E-01	4.6911E-03
2.6142	136.97	3.7776E-01	4.0835E-03
2.6401	136.97	3.7204E-01	4.1515E-03
2.6700	136.97	3.7147E-01	3.9265E-03
2.7000	136.97	3.5625E-01	3.7405E-03
2.7300	136.97	3.8157E-01	3.9605E-03
2.7526	136.97	3.6728E-01	3.8438E-03
2.7900	136.97	3.6467E-01	3.5416E-03
2.8187	136.97	3.5630E-01	3.7574E-03
2.8475	136.97	3.5270E-01	3.3053E-03
2.8800	136.97	3.6529E-01	3.7098E-03
2.9100	136.97	3.6362E-01	3.6918E-03
2.9400	136.97	3.5417E-01	3.6048E-03
2.9701	136.97	3.5821E-01	3.4386E-03
2.9985	136.97	3.4511E-01	3.1636E-03
3.0300	136.97	3.9310E-01	4.6708E-03
3.0600	136.97	3.4433E-01	4.9520E-03
3.0900	136.97	3.5099E-01	3.7572E-03
3.1200	136.97	3.8294E-01	4.8300E-03
3.1500	136.97	3.8479E-01	4.9027E-03
3.2400	136.97	3.3982E-01	4.0034E-03
3.2549	136.97	3.8506E-01	3.8852E-03
3.2700	136.97	3.8159E-01	4.2032E-03
3.2846	136.97	3.6971E-01	3.2178E-03
3.3600	136.97	3.3650E-01	3.7707E-03
3.3749	136.97	3.6829E-01	3.6289E-03
3.3825	136.97	3.5974E-01	4.1049E-03
3.4050	136.97	3.4166E-01	3.7588E-03
3.4499	136.97	3.6254E-01	3.6216E-03
3.4800	136.97	3.5420E-01	3.7041E-03
3.5100	136.97	3.5999E-01	3.7215E-03
3.6000	136.97	3.5921E-01	3.3932E-03
3.6593	136.97	3.6821E-01	4.3007E-03
3.7199	136.97	3.8171E-01	5.0427E-03
3.7499	136.97	3.7085E-01	4.4389E-03
3.7799	136.97	3.7418E-01	4.4024E-03
3.8098	136.97	3.7830E-01	3.3190E-03
3.8398	136.97	3.7366E-01	4.1654E-03
3.8699	136.97	3.8382E-01	4.4864E-03
3.9000	136.97	3.8609E-01	4.8841E-03
3.9299	136.97	3.6649E-01	4.1294E-03
3.9599	136.97	3.8633E-01	3.6867E-03
3.9900	136.97	3.6657E-01	5.1205E-03
4.0077	136.97	3.6743E-01	4.7443E-03
1.7850	143.1	3.1833E-01	3.9198E-03
1.8000	143.1	2.9358E-01	4.4138E-03
1.8150	143.1	2.8723E-01	4.0991E-03
1.8300	143.1	3.0126E-01	3.1786E-03
1.8450	143.1	2.8227E-01	3.8802E-03
1.8900	143.1	3.1600E-01	4.0239E-03
1.9050	143.1	2.9443E-01	3.6562E-03
1.9200	143.1	3.2192E-01	3.8472E-03
1.9350	143.1	3.1691E-01	3.6897E-03
2.0241	143.1	3.6170E-01	4.4472E-03
2.0400	143.1	3.5980E-01	4.4686E-03
2.0547	143.1	3.4637E-01	4.2244E-03
2.0678	143.1	3.6533E-01	4.4877E-03
2.1007	143.1	3.6605E-01	4.2180E-03
2.1078	143.1	3.4590E-01	4.0565E-03
2.1297	143.1	3.3757E-01	3.9453E-03
2.1450	143.1	3.6576E-01	4.0094E-03
2.1600	143.1	3.4967E-01	4.0304E-03
2.1750	143.1	3.6791E-01	4.2023E-03
2.1900	143.1	3.3045E-01	3.3981E-03
2.2050	143.1	3.5754E-01	4.0406E-03
2.2172	143.1	3.1016E-01	3.1620E-03
2.2199	143.1	3.3989E-01	4.0969E-03
2.2342	143.1	3.4099E-01	3.7029E-03
2.2500	143.1	3.4154E-01	3.5039E-03
2.2651	143.1	3.7213E-01	3.7642E-03
2.2800	143.1	4.2782E-01	3.9421E-03
2.2950	143.1	3.6075E-01	4.5239E-03
2.3100	143.1	3.4383E-01	3.6052E-03
2.3249	143.1	3.6466E-01	3.4066E-03
2.3399	143.1	3.2105E-01	3.6900E-03
2.3546	143.1	3.5383E-01	3.9733E-03
2.3700	143.1	4.0351E-01	4.8156E-03
2.3850	143.1	3.6060E-01	4.4928E-03
2.4000	143.1	3.9798E-01	5.1677E-03
2.4150	143.1	3.6741E-01	4.5020E-03
2.4299	143.1	3.9574E-01	5.4612E-03
2.4450	143.1	4.1547E-01	3.8352E-03
2.4599	143.1	3.8187E-01	4.9485E-03
2.4750	143.1	3.6900E-01	4.2515E-03
2.4900	143.1	3.6775E-01	5.0128E-03
2.5050	143.1	3.6591E-01	4.3223E-03
2.5177	143.1	3.6934E-01	5.3232E-03
2.5350	143.1	3.5513E-01	3.6915E-03
2.5500	143.1	3.7414E-01	4.1055E-03
2.5800	143.1	3.5586E-01	4.4591E-03
2.6142	143.1	3.6046E-01	3.9889E-03
2.6401	143.1	3.4665E-01	4.0074E-03
2.6700	143.1	3.3889E-01	3.7504E-03
2.7000	143.1	3.3544E-01	3.6296E-03
2.7300	143.1	3.4428E-01	3.7620E-03
2.7526	143.1	3.3252E-01	3.6574E-03
2.7900	143.1	3.3770E-01	3.4082E-03
2.8187	143.1	3.3086E-01	3.6207E-03
2.8475	143.1	3.2154E-01	3.1559E-03
2.8800	143.1	3.2879E-01	3.5195E-03
2.9100	143.1	3.3262E-01	3.5309E-03
2.9400	143.1	3.4353E-01	3.5503E-03
2.9701	143.1	3.3685E-01	3.3345E-03
2.9985	143.1	3.2145E-01	3.0532E-03
3.0300	143.1	3.5597E-01	4.4447E-03
3.0600	143.1	3.6192E-01	5.0769E-03
3.0900	143.1	3.2216E-01	3.5996E-03
3.1200	143.1	3.5863E-01	4.6742E-03
3.1500	143.1	3.5949E-01	4.7388E-03
3.2400	143.1	3.5604E-01	4.0979E-03
3.2549	143.1	3.4053E-01	3.6536E-03
3.2700	143.1	3.6377E-01	4.1039E-03
3.2846	143.1	3.5179E-01	3.1388E-03
3.3600	143.1	3.4255E-01	3.8044E-03
3.3749	143.1	3.4319E-01	3.5030E-03
3.3825	143.1	3.4231E-01	4.0043E-03
3.4050	143.1	3.5754E-01	3.8452E-03
3.4499	143.1	3.4311E-01	3.5232E-03
3.4800	143.1	3.3228E-01	3.5876E-03
3.5100	143.1	3.4541E-01	3.6454E-03
3.6000	143.1	3.4440E-01	3.3225E-03
3.6593	143.1	3.5228E-01	4.2067E-03
3.7199	143.1	3.7046E-01	4.9678E-03
3.7499	143.1	3.6788E-01	4.4210E-03
3.7799	143.1	3.4983E-01	4.2568E-03
3.8098	143.1	3.6011E-01	3.2382E-03
3.8398	143.1	3.4380E-01	3.9955E-03
3.8699	143.1	3.5713E-01	4.3276E-03
3.9000	143.1	3.6675E-01	4.7602E-03
3.9299	143.1	3.6054E-01	4.0957E-03
3.9599	143.1	3.7225E-01	3.6189E-03
3.9900	143.1	3.5627E-01	5.0480E-03
4.0077	143.1	3.6492E-01	4.7280E-03
1.7850	147.21	2.8772E-01	3.7266E-03
1.8000	147.21	2.5728E-01	4.1320E-03
1.8150	147.21	2.4312E-01	3.7713E-03
1.8300	147.21	2.6809E-01	2.9985E-03
1.8450	147.21	2.4610E-01	3.6231E-03
1.8900	147.21	2.8305E-01	3.8084E-03
1.9050	147.21	2.7050E-01	3.5045E-03
1.9200	147.21	2.8611E-01	3.6269E-03
1.9350	147.21	2.9818E-01	3.5790E-03
2.0241	147.21	3.3113E-01	4.2551E-03
2.0400	147.21	3.3371E-01	4.3036E-03
2.0547	147.21	3.1798E-01	4.0476E-03
2.0678	147.21	3.3661E-01	4.3077E-03
2.1007	147.21	3.2595E-01	3.9803E-03
2.1078	147.21	3.1945E-01	3.8983E-03
2.1297	147.21	3.2595E-01	3.8768E-03
2.1450	147.21	3.2747E-01	3.7938E-03
2.1600	147.21	3.3383E-01	3.9381E-03
2.1750	147.21	3.3167E-01	3.9900E-03
2.1900	147.21	3.0980E-01	3.2902E-03
2.2050	147.21	3.3179E-01	3.8924E-03
2.2172	147.21	3.0626E-01	3.1420E-03
2.2199	147.21	3.3480E-01	4.0661E-03
2.2342	147.21	3.3926E-01	3.6935E-03
2.2500	147.21	3.2741E-01	3.4307E-03
2.2651	147.21	3.6093E-01	3.7072E-03
2.2800	147.21	4.0018E-01	3.8126E-03
2.2950	147.21	3.4929E-01	4.4515E-03
2.3100	147.21	3.2021E-01	3.4791E-03
2.3249	147.21	3.5705E-01	3.3708E-03
2.3399	147.21	3.2008E-01	3.6844E-03
2.3546	147.21	3.3500E-01	3.8662E-03
2.3700	147.21	3.7650E-01	4.6517E-03
2.3850	147.21	3.3648E-01	4.3399E-03
2.4000	147.21	3.7866E-01	5.0407E-03
2.4150	147.21	3.5080E-01	4.3991E-03
2.4299	147.21	3.6536E-01	5.2474E-03
2.4450	147.21	4.0910E-01	3.8056E-03
2.4599	147.21	3.6327E-01	4.8265E-03
2.4750	147.21	3.4911E-01	4.1353E-03
2.4900	147.21	3.4561E-01	4.8596E-03
2.5050	147.21	3.5392E-01	4.2508E-03
2.5177	147.21	3.3343E-01	5.0578E-03
2.5350	147.21	3.4308E-01	3.6283E-03
2.5500	147.21	3.5531E-01	4.0009E-03
2.5800	147.21	3.4150E-01	4.3682E-03
2.6142	147.21	3.4148E-01	3.8824E-03
2.6401	147.21	3.2812E-01	3.8988E-03
2.6700	147.21	3.4138E-01	3.7641E-03
2.7000	147.21	3.1906E-01	3.5399E-03
2.7300	147.21	3.3565E-01	3.7146E-03
2.7526	147.21	3.1936E-01	3.5843E-03
2.7900	147.21	3.2924E-01	3.3652E-03
2.8187	147.21	3.1560E-01	3.5363E-03
2.8475	147.21	3.2247E-01	3.1604E-03
2.8800	147.21	3.2268E-01	3.4867E-03
2.9100	147.21	3.2640E-01	3.4977E-03
2.9400	147.21	3.2790E-01	3.4686E-03
2.9701	147.21	3.2860E-01	3.2934E-03
2.9985	147.21	3.1797E-01	3.0367E-03
3.0300	147.21	3.4737E-01	4.3907E-03
3.0600	147.21	3.6064E-01	5.0679E-03
3.0900	147.21	3.1331E-01	3.5498E-03
3.1200	147.21	3.3725E-01	4.5327E-03
3.1500	147.21	3.4813E-01	4.6633E-03
3.2400	147.21	3.3656E-01	3.9842E-03
3.2549	147.21	3.3853E-01	3.6429E-03
3.2700	147.21	3.3293E-01	3.9261E-03
3.2846	147.21	3.3406E-01	3.0587E-03
3.3600	147.21	3.3684E-01	3.7726E-03
3.3749	147.21	3.3472E-01	3.4595E-03
3.3825	147.21	3.2578E-01	3.9064E-03
3.4050	147.21	3.3492E-01	3.7215E-03
3.4499	147.21	3.2046E-01	3.4049E-03
3.4800	147.21	3.2170E-01	3.5301E-03
3.5100	147.21	3.3544E-01	3.5924E-03
3.6000	147.21	3.2626E-01	3.2338E-03
3.6593	147.21	3.4445E-01	4.1596E-03
3.7199	147.21	3.5460E-01	4.8603E-03
3.7499	147.21	3.4418E-01	4.2763E-03
3.7799	147.21	3.4688E-01	4.2388E-03
3.8098	147.21	3.5565E-01	3.2181E-03
3.8398	147.21	3.4640E-01	4.0106E-03
3.8699	147.21	3.5833E-01	4.3349E-03
3.9000	147.21	3.5477E-01	4.6818E-03
3.9299	147.21	3.4653E-01	4.0154E-03
3.9599	147.21	3.6494E-01	3.5832E-03
3.9900	147.21	3.4218E-01	4.9472E-03
4.0077	147.21	3.3919E-01	4.5583E-03
1.7850	153.32	2.5775E-01	3.5272E-03
1.8000	153.32	2.2330E-01	3.8495E-03
1.8150	153.32	2.0030E-01	3.4231E-03
1.8300	153.32	2.2081E-01	2.7212E-03
1.8450	153.32	2.1437E-01	3.3814E-03
1.8900	153.32	2.4642E-01	3.5534E-03
1.9050	153.32	2.3572E-01	3.2714E-03
1.9200	153.32	2.5094E-01	3.3966E-03
1.9350	153.32	2.2407E-01	3.1026E-03
2.0241	153.32	2.9067E-01	3.9867E-03
2.0400	153.32	2.9026E-01	4.0136E-03
2.0547	153.32	3.0026E-01	3.9331E-03
2.0678	153.32	2.9670E-01	4.0443E-03
2.1007	153.32	2.9834E-01	3.8080E-03
2.1078	153.32	3.0489E-01	3.8084E-03
2.1297	153.32	2.9801E-01	3.7069E-03
2.1450	153.32	3.1275E-01	3.7075E-03
2.1600	153.32	3.0155E-01	3.7428E-03
2.1750	153.32	3.1905E-01	3.9133E-03
2.1900	153.32	2.9264E-01	3.1978E-03
2.2050	153.32	3.1257E-01	3.7779E-03
2.2172	153.32	2.7906E-01	2.9992E-03
2.2199	153.32	2.9856E-01	3.8397E-03
2.2342	153.32	3.0777E-01	3.5179E-03
2.2500	153.32	2.9715E-01	3.2683E-03
2.2651	153.32	3.2689E-01	3.5280E-03
2.2800	153.32	3.7653E-01	3.6982E-03
2.2950	153.32	3.2053E-01	4.2643E-03
2.3100	153.32	2.9779E-01	3.3551E-03
2.3249	153.32	3.3102E-01	3.2456E-03
2.3399	153.32	2.9506E-01	3.5375E-03
2.3546	153.32	3.2184E-01	3.7895E-03
2.3700	153.32	3.4931E-01	4.4806E-03
2.3850	153.32	2.9578E-01	4.0690E-03
2.4000	153.32	3.4242E-01	4.7935E-03
2.4150	153.32	3.1290E-01	4.1547E-03
2.4299	153.32	3.5210E-01	5.1513E-03
2.4450	153.32	3.8113E-01	3.6732E-03
2.4599	153.32	3.3275E-01	4.6192E-03
2.4750	153.32	3.3348E-01	4.0417E-03
2.4900	153.32	3.4096E-01	4.8268E-03
2.5050	153.32	3.1976E-01	4.0405E-03
2.5177	153.32	3.2860E-01	5.0210E-03
2.5350	153.32	3.2367E-01	3.5242E-03
2.5500	153.32	3.4486E-01	3.9416E-03
2.5800	153.32	3.2809E-01	4.2816E-03
2.6142	153.32	3.1795E-01	3.7463E-03
2.6401	153.32	3.1098E-01	3.7956E-03
2.6700	153.32	3.1589E-01	3.6209E-03
2.7000	153.32	2.8258E-01	3.3313E-03
2.7300	153.32	3.1411E-01	3.5934E-03
2.7526	153.32	3.0870E-01	3.5240E-03
2.7900	153.32	3.0877E-01	3.2589E-03
2.8187	153.32	2.8775E-01	3.3766E-03
2.8475	153.32	3.0036E-01	3.0501E-03
2.8800	153.32	3.0336E-01	3.3807E-03
2.9100	153.32	3.0672E-01	3.3906E-03
2.9400	153.32	3.1213E-01	3.3841E-03
2.9701	153.32	3.1467E-01	3.2229E-03
2.9985	153.32	2.9384E-01	2.9192E-03
3.0300	153.32	3.2284E-01	4.2328E-03
3.0600	153.32	3.1286E-01	4.7202E-03
3.0900	153.32	3.0289E-01	3.4903E-03
3.1200	153.32	3.2671E-01	4.4613E-03
3.1500	153.32	3.1246E-01	4.4179E-03
3.2400	153.32	3.1638E-01	3.8629E-03
3.2549	153.32	3.2320E-01	3.5594E-03
3.2700	153.32	3.2752E-01	3.8940E-03
3.2846	153.32	3.1765E-01	2.9826E-03
3.3600	153.32	3.2594E-01	3.7111E-03
3.3749	153.32	2.8787E-01	3.2083E-03
3.3825	153.32	3.0451E-01	3.7767E-03
3.4050	153.32	3.2408E-01	3.6608E-03
3.4499	153.32	3.1688E-01	3.3859E-03
3.4800	153.32	3.2050E-01	3.5235E-03
3.5100	153.32	3.1332E-01	3.4719E-03
3.6000	153.32	3.1222E-01	3.1634E-03
3.6593	153.32	3.2290E-01	4.0274E-03
3.7199	153.32	3.3195E-01	4.7025E-03
3.7499	153.32	3.3717E-01	4.2325E-03
3.7799	153.32	3.3067E-01	4.1386E-03
3.8098	153.32	3.3847E-01	3.1394E-03
3.8398	153.32	3.4078E-01	3.9779E-03
3.8699	153.32	3.1554E-01	4.0678E-03
3.9000	153.32	3.4018E-01	4.5845E-03
3.9299	153.32	3.2681E-01	3.8994E-03
3.9599	153.32	3.4956E-01	3.5069E-03
3.9900	153.32	3.3610E-01	4.9030E-03
4.0077	153.32	3.4035E-01	4.5661E-03
1.7850	157.47	2.4399E-01	3.4318E-03
1.8000	157.47	1.8933E-01	3.5445E-03
1.8150	157.47	1.7169E-01	3.1692E-03
1.8300	157.47	1.8898E-01	2.5175E-03
1.8450	157.47	1.8103E-01	3.1074E-03
1.8900	157.47	2.1895E-01	3.3495E-03
1.9050	157.47	2.0948E-01	3.0840E-03
1.9200	157.47	2.3025E-01	3.2536E-03
1.9350	157.47	2.3159E-01	3.1542E-03
2.0241	157.47	2.7181E-01	3.8551E-03
2.0400	157.47	2.7261E-01	3.8897E-03
2.0547	157.47	2.7450E-01	3.7606E-03
2.0678	157.47	2.7873E-01	3.9199E-03
2.1007	157.47	2.7856E-01	3.6796E-03
2.1078	157.47	2.8672E-01	3.6932E-03
2.1297	157.47	2.7269E-01	3.5460E-03
2.1450	157.47	2.8691E-01	3.5510E-03
2.1600	157.47	2.8208E-01	3.6200E-03
2.1750	157.47	2.7897E-01	3.6593E-03
2.1900	157.47	2.8157E-01	3.1367E-03
2.2050	157.47	2.9672E-01	3.6809E-03
2.2172	157.47	2.6665E-01	2.9318E-03
2.2199	157.47	2.8389E-01	3.7442E-03
2.2342	157.47	2.8703E-01	3.3973E-03
2.2500	157.47	2.7723E-01	3.1569E-03
2.2651	157.47	3.0831E-01	3.4263E-03
2.2800	157.47	3.5688E-01	3.6004E-03
2.2950	157.47	3.0703E-01	4.1735E-03
2.3100	157.47	2.8551E-01	3.2852E-03
2.3249	157.47	3.0770E-01	3.1292E-03
2.3399	157.47	2.7970E-01	3.4442E-03
2.3546	157.47	3.0087E-01	3.6639E-03
2.3700	157.47	3.3483E-01	4.3867E-03
2.3850	157.47	2.8453E-01	3.9909E-03
2.4000	157.47	3.2813E-01	4.6924E-03
2.4150	157.47	3.0148E-01	4.0782E-03
2.4299	157.47	3.4057E-01	5.0662E-03
2.4450	157.47	3.7827E-01	3.6594E-03
2.4599	157.47	3.1768E-01	4.5134E-03
2.4750	157.47	3.2036E-01	3.9614E-03
2.4900	157.47	3.0837E-01	4.5903E-03
2.5050	157.47	3.1552E-01	4.0136E-03
2.5177	157.47	3.1747E-01	4.9353E-03
2.5350	157.47	2.9781E-01	3.3804E-03
2.5500	157.47	3.1945E-01	3.7936E-03
2.5800	157.47	2.9401E-01	4.0531E-03
2.6142	157.47	2.8348E-01	3.5374E-03
2.6401	157.47	2.9857E-01	3.7191E-03
2.6700	157.47	2.9589E-01	3.5044E-03
2.7000	157.47	2.9279E-01	3.3910E-03
2.7300	157.47	2.9841E-01	3.5024E-03
2.7526	157.47	2.7266E-01	3.3119E-03
2.7900	157.47	2.9085E-01	3.1630E-03
2.8187	157.47	2.8188E-01	3.3420E-03
2.8475	157.47	2.8193E-01	2.9551E-03
2.8800	157.47	2.9337E-01	3.3246E-03
2.9100	157.47	2.9439E-01	3.3218E-03
2.9400	157.47	2.9114E-01	3.2683E-03
2.9701	157.47	2.7737E-01	3.0258E-03
2.9985	157.47	2.8688E-01	2.8844E-03
3.0300	157.47	3.1817E-01	4.2022E-03
3.0600	157.47	3.2461E-01	4.8081E-03
3.0900	157.47	2.8415E-01	3.3806E-03
3.1200	157.47	3.2098E-01	4.4220E-03
3.1500	157.47	3.0384E-01	4.3566E-03
3.2400	157.47	3.1275E-01	3.8406E-03
3.2549	157.47	2.8847E-01	3.3628E-03
3.2700	157.47	3.0506E-01	3.7582E-03
3.2846	157.47	3.0264E-01	2.9113E-03
3.3600	157.47	2.9788E-01	3.5477E-03
3.3749	157.47	3.0804E-01	3.3188E-03
3.3825	157.47	3.0109E-01	3.7554E-03
3.4050	157.47	3.1069E-01	3.5844E-03
3.4499	157.47	3.0292E-01	3.3104E-03
3.4800	157.47	2.9215E-01	3.3640E-03
3.5100	157.47	3.0701E-01	3.4368E-03
3.6000	157.47	3.0043E-01	3.1031E-03
3.6593	157.47	3.0321E-01	3.9027E-03
3.7199	157.47	3.2456E-01	4.6498E-03
3.7499	157.47	3.2351E-01	4.1459E-03
3.7799	157.47	2.9084E-01	3.8813E-03
3.8098	157.47	3.2394E-01	3.0713E-03
3.8398	157.47	3.1863E-01	3.8465E-03
3.8699	157.47	3.2855E-01	4.1508E-03
3.9000	157.47	3.3197E-01	4.5288E-03
3.9299	157.47	3.2471E-01	3.8869E-03
3.9599	157.47	3.3447E-01	3.4303E-03
3.9900	157.47	3.2008E-01	4.7847E-03
4.0077	157.47	3.3735E-01	4.5460E-03
1.7850	167.65	2.2942E-01	3.3277E-03
1.8000	167.65	1.5250E-01	3.1811E-03
1.8150	167.65	1.3431E-01	2.8031E-03
1.8300	167.65	1.4304E-01	2.1902E-03
1.8450	167.65	1.3841E-01	2.7171E-03
1.8900	167.65	1.7847E-01	3.0241E-03
1.9050	167.65	1.6921E-01	2.7717E-03
1.9200	167.65	1.9347E-01	2.9824E-03
1.9350	167.65	1.9258E-01	2.8763E-03
2.0241	167.65	2.4502E-01	3.6602E-03
2.0400	167.65	2.4164E-01	3.6621E-03
2.0547	167.65	2.5209E-01	3.6039E-03
2.0678	167.65	2.5849E-01	3.7749E-03
2.1007	167.65	2.5848E-01	3.5445E-03
2.1078	167.65	2.4033E-01	3.3813E-03
2.1297	167.65	2.4959E-01	3.3924E-03
2.1450	167.65	2.6977E-01	3.4433E-03
2.1600	167.65	2.6206E-01	3.4892E-03
2.1750	167.65	2.7186E-01	3.6124E-03
2.1900	167.65	2.4729E-01	2.9395E-03
2.2050	167.65	2.6293E-01	3.4650E-03
2.2172	167.65	2.4689E-01	2.8211E-03
2.2199	167.65	2.5836E-01	3.5719E-03
2.2342	167.65	2.6398E-01	3.2581E-03
2.2500	167.65	2.6591E-01	3.0917E-03
2.2651	167.65	2.8897E-01	3.3171E-03
2.2800	167.65	3.2408E-01	3.4310E-03
2.2950	167.65	2.8842E-01	4.0450E-03
2.3100	167.65	2.5636E-01	3.1130E-03
2.3249	167.65	2.8994E-01	3.0376E-03
2.3399	167.65	2.6113E-01	3.3279E-03
2.3546	167.65	2.7873E-01	3.5266E-03
2.3700	167.65	3.1305E-01	4.2416E-03
2.3850	167.65	2.7384E-01	3.9152E-03
2.4000	167.65	2.9310E-01	4.4348E-03
2.4150	167.65	2.9023E-01	4.0013E-03
2.4299	167.65	3.0115E-01	4.7640E-03
2.4450	167.65	3.2913E-01	3.4135E-03
2.4599	167.65	2.9870E-01	4.3765E-03
2.4750	167.65	2.9293E-01	3.7880E-03
2.4900	167.65	2.9074E-01	4.4572E-03
2.5050	167.65	2.8821E-01	3.8360E-03
2.5177	167.65	2.8840E-01	4.7039E-03
2.5350	167.65	2.8188E-01	3.2888E-03
2.5500	167.65	2.9995E-01	3.6760E-03
2.5800	167.65	2.8261E-01	3.9738E-03
2.6142	167.65	2.8776E-01	3.5640E-03
2.6401	167.65	2.8096E-01	3.6078E-03
2.6700	167.65	2.7364E-01	3.3701E-03
2.7000	167.65	2.7264E-01	3.2722E-03
2.7300	167.65	2.7551E-01	3.3654E-03
2.7526	167.65	2.6928E-01	3.2913E-03
2.7900	167.65	2.6753E-01	3.0335E-03
2.8187	167.65	2.6286E-01	3.2273E-03
2.8475	167.65	2.7288E-01	2.9073E-03
2.8800	167.65	2.5924E-01	3.1252E-03
2.9100	167.65	2.8007E-01	3.2400E-03
2.9400	167.65	2.7914E-01	3.2003E-03
2.9701	167.65	2.7384E-01	3.0065E-03
2.9985	167.65	2.6930E-01	2.7946E-03
3.0300	167.65	2.9298E-01	4.0323E-03
3.0600	167.65	2.9555E-01	4.5878E-03
3.0900	167.65	2.6372E-01	3.2568E-03
3.1200	167.65	2.9808E-01	4.2613E-03
3.1500	167.65	2.9084E-01	4.2624E-03
3.2400	167.65	2.9124E-01	3.7062E-03
3.2549	167.65	2.9051E-01	3.3746E-03
3.2700	167.65	2.9089E-01	3.6699E-03
3.2846	167.65	2.9384E-01	2.8687E-03
3.3600	167.65	2.9028E-01	3.5022E-03
3.3749	167.65	2.8094E-01	3.1694E-03
3.3825	167.65	2.6798E-01	3.5429E-03
3.4050	167.65	2.9261E-01	3.4786E-03
3.4499	167.65	2.8284E-01	3.1988E-03
3.4800	167.65	2.7607E-01	3.2702E-03
3.5100	167.65	2.8416E-01	3.3064E-03
3.6000	167.65	2.6744E-01	2.9278E-03
3.6593	167.65	2.9683E-01	3.8614E-03
3.7199	167.65	2.8739E-01	4.3755E-03
3.7499	167.65	3.0651E-01	4.0355E-03
3.7799	167.65	2.9928E-01	3.9372E-03
3.8098	167.65	3.0458E-01	2.9780E-03
3.8398	167.65	3.0247E-01	3.7477E-03
3.8699	167.65	2.8691E-01	3.8789E-03
3.9000	167.65	3.0626E-01	4.3500E-03
3.9299	167.65	3.1178E-01	3.8087E-03
3.9599	167.65	3.1389E-01	3.3231E-03
3.9900	167.65	3.0355E-01	4.6596E-03
4.0077	167.65	3.0715E-01	4.3377E-03
1.7850	94.32	8.4595E-01	1.0154E-02
1.8000	94.32	8.4333E-01	1.1887E-02
1.8150	94.32	8.4431E-01	1.1168E-02
1.8300	94.32	8.6002E-01	8.5339E-03
1.8450	94.32	7.7845E-01	1.0239E-02
1.8900	94.32	7.3955E-01	9.7819E-03
1.9050	94.32	6.8039E-01	8.8317E-03
1.9200	94.32	7.1128E-01	9.0870E-03
1.9350	94.32	6.6352E-01	8.4837E-03
2.0241	94.32	6.5677E-01	9.5224E-03
2.0400	94.32	6.5975E-01	9.6153E-03
2.0547	94.32	6.4811E-01	9.1822E-03
2.0678	94.32	6.5674E-01	9.5612E-03
2.1007	94.32	6.6114E-01	9.0079E-03
2.1078	94.32	6.2775E-01	8.6836E-03
2.1297	94.32	5.6945E-01	8.1425E-03
2.1450	94.32	6.2734E-01	8.3439E-03
2.1600	94.32	6.0317E-01	8.4115E-03
2.1750	94.32	6.2938E-01	8.7338E-03
2.1900	94.32	5.6335E-01	7.0501E-03
2.2050	94.32	5.8780E-01	8.2325E-03
2.2172	94.32	5.4786E-01	6.6777E-03
2.2199	94.32	5.7294E-01	8.4522E-03
2.2342	94.32	5.8219E-01	7.6884E-03
2.2500	94.32	5.5505E-01	7.0980E-03
2.2651	94.32	6.0552E-01	7.6300E-03
2.2800	94.32	6.6899E-01	7.8332E-03
2.2950	94.32	5.8874E-01	9.1834E-03
2.3100	94.32	5.3555E-01	7.1496E-03
2.3249	94.32	5.7156E-01	6.7769E-03
2.3399	94.32	5.2517E-01	7.4993E-03
2.3546	94.32	5.7154E-01	8.0245E-03
2.3700	94.32	6.0819E-01	9.3946E-03
2.3850	94.32	5.8106E-01	9.0625E-03
2.4000	94.32	6.0115E-01	1.0092E-02
2.4150	94.32	5.5272E-01	8.7745E-03
2.4299	94.32	6.1827E-01	1.0847E-02
2.4450	94.32	6.5898E-01	7.6750E-03
2.4599	94.32	5.7837E-01	9.6772E-03
2.4750	94.32	5.3952E-01	8.1689E-03
2.4900	94.32	5.6228E-01	9.8495E-03
2.5050	94.32	5.4867E-01	8.4102E-03
2.5177	94.32	5.5347E-01	1.0355E-02
2.5350	94.32	5.1671E-01	7.0756E-03
2.5500	94.32	5.6171E-01	7.9935E-03
2.5800	94.32	5.3682E-01	8.7027E-03
2.6142	94.32	5.0613E-01	7.5108E-03
2.6401	94.32	5.1480E-01	7.7600E-03
2.6700	94.32	4.9707E-01	7.2175E-03
2.7000	94.32	4.7541E-01	6.8662E-03
2.7300	94.32	4.8557E-01	7.0994E-03
2.7526	94.32	4.8542E-01	7.0219E-03
2.7900	94.32	4.5823E-01	6.3085E-03
2.8187	94.32	4.5973E-01	6.7820E-03
2.8475	94.32	4.5057E-01	5.9363E-03
2.8800	94.32	4.5567E-01	6.5839E-03
2.9100	94.32	4.5732E-01	6.5789E-03
2.9400	94.32	4.4488E-01	6.4199E-03
2.9701	94.32	4.4249E-01	6.0729E-03
2.9985	94.32	4.3666E-01	5.6547E-03
3.0300	94.32	4.6216E-01	8.0477E-03
3.0600	94.32	4.7384E-01	9.2308E-03
3.0900	94.32	4.1769E-01	6.5129E-03
3.1200	94.32	4.4916E-01	8.3121E-03
3.2400	94.32	4.2098E-01	7.0806E-03
3.2549	94.32	4.4046E-01	6.6028E-03
3.2700	94.32	4.2892E-01	7.0812E-03
3.2846	94.32	4.4233E-01	5.5929E-03
3.3600	94.32	3.9582E-01	6.4984E-03
3.3749	94.32	3.9897E-01	6.0018E-03
3.3825	94.32	4.1171E-01	6.9781E-03
3.4050	94.32	4.2801E-01	6.6851E-03
3.4499	94.32	3.9088E-01	5.9755E-03
3.4800	94.32	3.8048E-01	6.1003E-03
3.5100	94.32	3.8488E-01	6.1147E-03
3.6000	94.32	3.6630E-01	5.4448E-03
3.6593	94.32	3.8141E-01	6.9554E-03
3.7199	94.32	3.7494E-01	7.9415E-03
3.7499	94.32	3.7041E-01	7.0493E-03
3.7799	94.32	3.6241E-01	6.8847E-03
3.8098	94.32	3.5571E-01	5.1140E-03
3.8398	94.32	3.3920E-01	6.3063E-03
3.8699	94.32	3.4494E-01	6.7584E-03
3.9000	94.32	3.4493E-01	7.3356E-03
3.9299	94.32	3.2260E-01	6.1563E-03
3.9599	94.32	3.4432E-01	5.5306E-03
3.9900	94.32	3.1624E-01	7.5573E-03
4.0077	94.32	3.2328E-01	7.0714E-03
1.7850	94.3201	8.0993E-01	6.2525E-03
1.8000	94.3201	8.6069E-01	7.5575E-03
1.8150	94.3201	8.1852E-01	6.9197E-03
1.8300	94.3201	8.4925E-01	5.3368E-03
1.8450	94.3201	7.4274E-01	6.2942E-03
1.8900	94.3201	7.3530E-01	6.1382E-03
1.9050	94.3201	6.6531E-01	5.4960E-03
1.9200	94.3201	6.8776E-01	5.6232E-03
1.9350	94.3201	6.4919E-01	5.2810E-03
2.0241	94.3201	6.4630E-01	5.9447E-03
2.0400	94.3201	6.5172E-01	6.0141E-03
2.0547	94.3201	6.2051E-01	5.6541E-03
2.0678	94.3201	6.5751E-01	6.0205E-03
2.1007	94.3201	6.2648E-01	5.5182E-03
2.1078	94.3201	5.9584E-01	5.3240E-03
2.1297	94.3201	5.7697E-01	5.1579E-03
2.1450	94.3201	6.0230E-01	5.1450E-03
2.1600	94.3201	5.9176E-01	5.2432E-03
2.1750	94.3201	6.1074E-01	5.4143E-03
2.1900	94.3201	5.3993E-01	4.3436E-03
2.2050	94.3201	5.7527E-01	5.1253E-03
2.2172	94.3201	5.2491E-01	4.1135E-03
2.2199	94.3201	5.6749E-01	5.2937E-03
2.2342	94.3201	5.8044E-01	4.8312E-03
2.2500	94.3201	5.3807E-01	4.3980E-03
2.2651	94.3201	5.8684E-01	4.7271E-03
2.2800	94.3201	6.8187E-01	4.9767E-03
2.2950	94.3201	5.6782E-01	5.6756E-03
2.3100	94.3201	5.2082E-01	4.4370E-03
2.3249	94.3201	5.7176E-01	4.2656E-03
2.3399	94.3201	5.1356E-01	4.6670E-03
2.3546	94.3201	5.4185E-01	4.9170E-03
2.3700	94.3201	5.9477E-01	5.8466E-03
2.3850	94.3201	5.4622E-01	5.5296E-03
2.4000	94.3201	5.8956E-01	6.2897E-03
2.4150	94.3201	5.3820E-01	5.4489E-03
2.4299	94.3201	5.8482E-01	6.6389E-03
2.4450	94.3201	6.3716E-01	4.7494E-03
2.4599	94.3201	5.6225E-01	6.0045E-03
2.4750	94.3201	5.5661E-01	5.2216E-03
2.4900	94.3201	5.4185E-01	6.0848E-03
2.5050	94.3201	5.4017E-01	5.2515E-03
2.5177	94.3201	5.4718E-01	6.4792E-03
2.5350	94.3201	5.1979E-01	4.4660E-03
2.5500	94.3201	5.3673E-01	4.9173E-03
2.5800	94.3201	5.2349E-01	5.4083E-03
2.6142	94.3201	5.0652E-01	4.7285E-03
2.6401	94.3201	4.8762E-01	4.7528E-03
2.6700	94.3201	4.8511E-01	4.4871E-03
2.7000	94.3201	4.5511E-01	4.2277E-03
2.7300	94.3201	4.7147E-01	4.4024E-03
2.7526	94.3201	4.6173E-01	4.3098E-03
2.7900	94.3201	4.5293E-01	3.9470E-03
2.8187	94.3201	4.4125E-01	4.1814E-03
2.8475	94.3201	4.4841E-01	3.7268E-03
2.8800	94.3201	4.3789E-01	4.0617E-03
2.9100	94.3201	4.4210E-01	4.0708E-03
2.9400	94.3201	4.3764E-01	4.0072E-03
2.9701	94.3201	4.3225E-01	3.7773E-03
2.9985	94.3201	4.2318E-01	3.5032E-03
3.0300	94.3201	4.5731E-01	5.0378E-03
3.0600	94.3201	4.5821E-01	5.7125E-03
3.0900	94.3201	4.0440E-01	4.0330E-03
3.1200	94.3201	4.5744E-01	5.2789E-03
3.2400	94.3201	4.2042E-01	4.4530E-03
3.2549	94.3201	4.2552E-01	4.0841E-03
3.2700	94.3201	4.1641E-01	4.3908E-03
3.2846	94.3201	4.4233E-01	5.5929E-03
3.3600	94.3201	4.0850E-01	4.1546E-03
3.3749	94.3201	3.9432E-01	3.7549E-03
3.3825	94.3201	3.8508E-01	4.2470E-03
3.4050	94.3201	4.0088E-01	4.0715E-03
3.4499	94.3201	3.7697E-01	3.6930E-03
3.4800	94.3201	3.7636E-01	3.8182E-03
3.5100	94.3201	3.7626E-01	3.8047E-03
3.6000	94.3201	3.5584E-01	3.3772E-03
3.6593	94.3201	3.6655E-01	4.2910E-03
3.7199	94.3201	3.5573E-01	4.8680E-03
3.7499	94.3201	3.5746E-01	4.3580E-03
3.7799	94.3201	3.4714E-01	4.2404E-03
3.8098	94.3201	3.4339E-01	3.1621E-03
3.8398	94.3201	3.5638E-01	4.0680E-03
3.8699	94.3201	3.3793E-01	4.2097E-03
3.9000	94.3201	3.2573E-01	4.4861E-03
3.9299	94.3201	3.3202E-01	3.9304E-03
3.9599	94.3201	3.3257E-01	3.4206E-03
3.9900	94.3201	3.1493E-01	4.7461E-03
4.0077	94.3201	3.2375E-01	4.4534E-03


