0.1544	90	3.47E-10	2.1E-10
0.2056	90	2.65E-09	5.3E-10
0.2266	90	4.19E-09	8.4E-10
0.2535	90	1.01E-08	2.0E-09
0.2648	90	1.36E-08	2.7E-09
0.2819	90	2.83E-08	5.7E-09
0.3043	90	4.19E-08	8.4E-09
0.3141	90	5.35E-08	1.1E-08
0.3226	90	7.21E-08	1.4E-08
0.3338	90	8.83E-08	1.8E-08
0.3451	90	1.17E-07	2.3E-08
0.3549	90	1.56E-07	3.1E-08
0.3648	90	1.96E-07	3.9E-08
0.3733	90	2.76E-07	5.5E-08
0.3846	90	4.03E-07	8.1E-08
0.3945	90	5.35E-07	1.1E-07
0.4043	90	6.74E-07	1.3E-07
0.4143	90	1.03E-06	2.1E-07
0.4242	90	1.44E-06	2.9E-07
0.4330	90	2.76E-06	5.5E-07
0.4417	90	5.14E-06	1.0E-06
0.4531	90	7.83E-06	1.6E-06
0.4684	90	9.46E-06	1.9E-06
0.4724	90	7.41E-06	1.5E-06
0.4791	90	5.88E-06	1.2E-06
0.4831	90	4.67E-06	9.3E-07
0.4938	90	2.83E-06	5.7E-07
0.5032	90	1.86E-06	3.7E-07
0.5288	90	7.48E-07	1.5E-07
0.5534	90	5.05E-07	1.0E-07
0.5793	90	3.10E-07	6.2E-08
0.6041	90	2.46E-07	4.9E-08
0.6301	90	1.85E-07	3.7E-08
0.6549	90	1.53E-07	3.1E-08
0.6794	90	8.63E-08	1.7E-08
0.7044	90	1.06E-07	2.1E-08
0.7263	90	7.63E-08	1.5E-08
0.7524	90	6.75E-08	1.3E-08
0.7786	90	5.50E-08	1.1E-08
0.8021	90	5.65E-08	1.1E-08
0.8529	90	3.76E-08	7.5E-09
0.9014	90	4.42E-08	8.8E-09
0.9522	90	2.67E-08	8.0E-09
1.0343	90	1.53E-08	6.1E-09
1.0830	90	2.35E-08	4.7E-09
1.1341	90	2.14E-08	4.3E-09
1.1826	90	2.65E-08	5.3E-09
1.2355	90	4.20E-08	8.4E-09
1.3334	90	3.19E-08	9.6E-09
1.3838	90	7.39E-08	1.5E-08
1.4332	90	4.47E-08	1.3E-08
1.4836	90	1.08E-07	2.2E-08
1.5073	90	1.45E-07	2.9E-08
1.5322	90	1.59E-07	3.2E-08
1.5573	90	2.01E-07	4.0E-08
1.5798	90	3.95E-07	7.9E-08
1.6063	90	5.54E-07	1.1E-07
1.6303	90	1.08E-06	2.2E-07
1.6430	90	1.45E-06	2.9E-07
1.6571	90	2.17E-06	4.3E-07
1.6627	90	2.56E-06	5.1E-07
1.6740	90	3.84E-06	7.7E-07
1.6824	90	4.22E-06	8.4E-07
1.6922	90	4.64E-06	9.3E-07
1.7071	90	3.40E-06	6.8E-07
1.7125	90	2.89E-06	5.8E-07
1.7234	90	2.03E-06	4.1E-07
1.7314	90	1.48E-06	3.0E-07
1.7573	90	8.86E-07	1.8E-07
1.7832	90	4.94E-07	9.9E-08
1.8325	90	2.76E-07	5.5E-08
1.8821	90	1.96E-07	3.9E-08
1.9332	90	1.81E-07	3.6E-08
1.9813	90	1.39E-07	2.8E-08
2.0310	90	1.22E-07	2.4E-08
2.0809	90	1.51E-07	3.0E-08
2.1791	90	1.50E-07	3.0E-08
2.2786	90	1.54E-07	3.1E-08
2.3781	90	1.50E-07	3.0E-08
2.4764	90	1.80E-07	3.6E-08
0.1481	0	2.46E-10	1.5E-10
0.1975	0	2.67E-09	5.3E-10
0.2168	0	4.08E-09	8.2E-10
0.2471	0	1.03E-08	2.1E-09
0.2581	0	1.36E-08	2.7E-09
0.2787	0	2.83E-08	5.7E-09
0.2980	0	4.26E-08	8.5E-09
0.3077	0	5.30E-08	1.1E-08
0.3159	0	7.16E-08	1.4E-08
0.3284	0	8.78E-08	1.8E-08
0.3380	0	1.19E-07	2.4E-08
0.3463	0	1.36E-07	2.7E-08
0.3573	0	1.94E-07	3.9E-08
0.3683	0	2.72E-07	5.4E-08
0.3779	0	3.88E-07	7.8E-08
0.3876	0	5.39E-07	1.1E-07
0.3958	0	7.27E-07	1.5E-07
0.4082	0	1.04E-06	2.1E-07
0.4178	0	1.46E-06	2.9E-07
0.4288	0	2.73E-06	5.5E-07
0.4383	0	5.04E-06	1.0E-06
0.4465	0	7.91E-06	1.6E-06
0.4562	0	9.84E-06	2.0E-06
0.4687	0	7.70E-06	1.5E-06
0.4716	0	5.86E-06	1.2E-06
0.4799	0	4.71E-06	9.4E-07
0.4884	0	2.69E-06	5.4E-07
0.4982	0	1.74E-06	3.5E-07
0.5234	0	7.67E-07	1.5E-07
0.5485	0	4.33E-07	8.7E-08
0.5721	0	3.29E-07	6.6E-08
0.5985	0	2.41E-07	4.8E-08
0.6235	0	1.96E-07	3.9E-08
0.6485	0	1.55E-07	3.1E-08
0.6736	0	8.65E-08	3.5E-08
0.6999	0	1.18E-07	2.4E-08
0.7235	0	9.38E-08	1.9E-08
0.7499	0	8.18E-08	1.6E-08
0.7735	0	8.52E-08	1.7E-08
0.7972	0	5.43E-08	1.1E-08
0.8498	0	5.43E-08	1.1E-08
0.8971	0	4.13E-08	8.3E-09
0.9485	0	2.46E-08	1.2E-08
0.9983	0	4.30E-08	8.6E-09
1.0283	0	2.94E-08	5.9E-09
1.0782	0	2.90E-08	5.8E-09
1.1281	0	2.67E-08	5.3E-09
1.1780	0	3.27E-08	6.5E-09
1.2306	0	4.01E-08	8.0E-09
1.3291	0	4.12E-08	8.2E-09
1.3789	0	6.04E-08	1.2E-08
1.4273	0	8.73E-08	1.7E-08
1.4786	0	1.21E-07	2.4E-08
1.5035	0	1.45E-07	2.9E-08
1.5284	0	1.66E-07	3.3E-08
1.5520	0	1.90E-07	3.8E-08
1.5796	0	2.86E-07	5.7E-08
1.6031	0	3.96E-07	7.9E-08
1.6266	0	5.97E-07	1.2E-07
1.6403	0	8.62E-07	1.7E-07
1.6528	0	8.39E-07	1.7E-07
1.6583	0	1.16E-06	2.3E-07
1.6665	0	1.55E-06	3.1E-07
1.6762	0	2.04E-06	4.1E-07
1.6887	0	1.68E-06	3.4E-07
1.7040	0	1.15E-06	2.3E-07
1.7083	0	8.62E-07	1.7E-07
1.7181	0	5.65E-07	1.1E-07
1.7279	0	3.75E-07	7.5E-08
1.7517	0	1.29E-07	2.6E-08
1.7755	0	4.65E-08	9.3E-09
1.8285	0	1.52E-08	9.1E-09
1.8769	0	2.48E-08	1.2E-08
1.9269	0	1.79E-08	8.9E-09
1.9768	0	1.94E-08	9.7E-09
2.0281	0	1.99E-08	1.0E-08
2.0750	0	5.11E-08	1.0E-08
2.1761	0	8.12E-08	1.6E-08
2.2746	0	6.70E-08	1.3E-08
2.3731	0	6.26E-08	1.3E-08
2.4742	0	9.55E-08	1.9E-08

